generation,N_shifts,logPrior,logLik,eventRate,acceptRate
0,0,0.576794,-266.902,1,0
5000,2,1.62253,-231.997,1.71503,0.223755
10000,4,0.129918,-183.544,1.76464,0.220478
15000,1,-0.154223,-214.35,0.676951,0.229118
20000,4,1.41336,-222.534,2.54999,0.2345
25000,2,1.79487,-185.301,1.39916,0.2261
30000,2,0.650116,-185.477,1.41698,0.2022
35000,2,0.590803,-190.222,1.83498,0.21275
40000,4,0.31962,-188.571,3.89929,0.216
45000,7,-2.68288,-184.096,5.81063,0.22596
50000,1,0.0204423,-195.502,0.155073,0.2089
55000,3,1.38826,-176.627,2.12468,0.213044
60000,5,1.90726,-175.569,3.09376,0.209933
65000,7,-0.375313,-164.01,7.82631,0.200086
70000,12,2.53563,-130.184,2.94048,0.1831
75000,5,4.12934,-187.638,2.86249,0.21745
80000,3,1.78648,-190.13,1.89243,0.2164
85000,11,-8.34809,-161.891,6.08905,0.193067
90000,3,2.98691,-191.292,0.727215,0.21568
95000,7,-5.68439,-160.977,5.67143,0.2018
100000,7,-0.418197,-183.008,6.60325,0.2196
105000,9,1.81584,-184.016,6.99138,0.2168
110000,10,-5.95506,-176.914,5.9919,0.19644
115000,11,-3.20563,-150.894,10.5365,0.19572
120000,6,1.57677,-150.344,4.31587,0.2066
125000,10,2.71877,-146.579,5.30075,0.1982
130000,8,1.68488,-130.278,3.18477,0.197914
135000,8,-10.7933,-150.184,6.84365,0.2008
140000,10,-0.520416,-138.101,4.54718,0.1972
145000,13,2.09595,-152.359,5.06214,0.1878
150000,3,1.94217,-187.574,2.86122,0.211333
155000,7,-2.14273,-141.514,4.52528,0.1906
160000,7,0.272448,-160.09,4.16059,0.20048
165000,9,-2.72184,-160.709,2.96848,0.2005
170000,4,-5.89075,-178.698,2.3961,0.208
175000,5,-2.12664,-159.123,2.31318,0.206
180000,4,1.87596,-171.963,1.59182,0.210333
185000,3,2.34865,-163.962,0.728898,0.202767
190000,6,-4.38014,-181.956,5.15102,0.2122
195000,8,-2.39162,-147.56,4.74072,0.204571
200000,4,0.879491,-174.324,2.16076,0.2111
205000,12,-4.13382,-153.448,6.04952,0.202
210000,6,-2.75452,-145.835,3.6849,0.183
215000,8,3.02149,-143.198,6.1013,0.1926
220000,7,1.98251,-158.214,5.48154,0.1998
225000,11,1.72934,-141.154,6.38877,0.1842
230000,7,6.8336,-155.886,2.36683,0.1968
235000,6,-6.35759,-196.953,3.08251,0.223356
240000,7,-1.89237,-149.619,3.82443,0.197091
245000,5,-0.627289,-164.411,3.1441,0.205156
250000,8,1.28228,-155.001,4.57921,0.1901
255000,11,-3.86677,-137.429,9.31971,0.2085
260000,10,6.59301,-148.84,3.32652,0.1974
265000,5,0.730658,-144.604,1.25193,0.2049
270000,6,-4.98901,-150.805,2.97631,0.1886
275000,7,-2.19892,-142.764,7.99498,0.200511
280000,12,-3.76944,-161.023,7.5555,0.185
285000,10,6.04683,-154.801,3.68069,0.1973
290000,8,-3.69819,-159.362,5.66823,0.1966
295000,6,0.648207,-160.661,3.27876,0.1946
300000,12,5.06327,-135.68,5.83623,0.1836
305000,10,-3.35171,-138.728,5.77912,0.1963
310000,6,-1.5596,-144.971,1.85933,0.1826
315000,8,1.8461,-144.873,4.09196,0.1868
320000,10,0.988254,-143.347,4.26256,0.1892
325000,11,-8.33632,-145.16,6.29053,0.193
330000,5,-4.12596,-146.824,2.96216,0.2068
335000,8,-1.35613,-161.962,5.39038,0.1999
340000,6,0.384568,-161.332,2.43252,0.199044
345000,9,-0.829361,-144.997,4.33883,0.1998
350000,10,6.64782,-143.431,4.52558,0.1951
355000,6,-0.755758,-141.785,2.99285,0.2006
360000,8,0.150855,-150.247,3.97106,0.2116
365000,8,-0.3405,-154.475,3.15373,0.195156
370000,7,-9.33544,-162.592,7.69478,0.207914
375000,7,6.12134,-145.349,1.65575,0.196
380000,11,-5.36834,-141.445,7.47724,0.1726
385000,8,-2.27567,-141.84,4.58563,0.1908
390000,7,-2.43774,-147.304,3.11764,0.1869
395000,7,0.0490858,-134.779,3.54309,0.18932
400000,7,4.43665,-144.497,2.33502,0.185067
405000,9,-0.809979,-157.747,3.73332,0.1966
410000,8,-12.6329,-158.277,5.71174,0.2018
415000,4,-0.602556,-187.002,1.57529,0.1972
420000,7,-2.88053,-151.202,2.73804,0.1923
425000,7,-5.32369,-140.454,5.92089,0.1832
430000,5,-7.67276,-144.477,5.04979,0.1906
435000,6,2.14687,-172.546,1.74719,0.1945
440000,9,-8.85002,-161.506,7.15702,0.1774
445000,10,-5.81973,-143.147,6.75115,0.192733
450000,4,-0.0401907,-174.994,2.45294,0.211486
455000,5,-2.5402,-170.047,3.05132,0.1806
460000,5,1.15012,-157.084,3.16831,0.1886
465000,7,0.300898,-161.315,2.53806,0.2
470000,12,6.60923,-156.682,6.88144,0.2004
475000,4,0.503304,-172.529,1.89923,0.209
480000,8,-5.99141,-152.74,2.52538,0.18265
485000,7,-4.99702,-174.613,5.36851,0.2052
490000,5,2.98161,-163.38,2.79263,0.199764
495000,5,0.681081,-158.665,3.88222,0.185867
500000,3,1.55516,-175.85,0.974874,0.2034
505000,3,-2.91561,-177.285,2.56427,0.2126
510000,6,-3.62658,-153.413,4.78391,0.196333
515000,6,-3.63114,-164.27,3.36033,0.1834
520000,3,1.56389,-167.474,1.19136,0.209467
525000,6,-2.59354,-166.704,3.90254,0.20656
530000,3,0.448808,-193.758,1.25798,0.2051
535000,5,-3.04652,-156.849,2.43803,0.2031
540000,6,-0.215082,-158.077,2.70385,0.19212
545000,8,2.23362,-138.609,3.18076,0.1992
550000,8,-4.33919,-162.862,5.47737,0.198683
555000,5,-1.29179,-158.402,3.03863,0.1986
560000,9,-1.05017,-154.337,6.10294,0.200133
565000,7,1.48384,-149.297,7.64196,0.1906
570000,13,0.0954156,-176.141,5.38552,0.2024
575000,12,5.01737,-161.514,5.7983,0.191429
580000,5,-3.40241,-160.852,2.54573,0.209467
585000,8,3.79383,-170.771,5.27719,0.208333
590000,4,0.980656,-163.524,3.92649,0.211217
595000,5,-0.0744094,-170.27,3.82295,0.2042
600000,4,-4.11782,-182.33,2.64458,0.19675
605000,11,2.96754,-132.746,7.61377,0.198933
610000,8,2.40376,-164.717,5.30423,0.2018
615000,11,-3.24782,-154.09,8.35302,0.1914
620000,9,-4.2881,-140.318,4.22231,0.1954
625000,7,-2.71661,-139.759,2.74704,0.193
630000,7,-8.69471,-159.436,6.40162,0.206467
635000,8,2.23014,-188.573,5.76246,0.21716
640000,4,4.86794,-193.101,1.76526,0.2098
645000,6,6.03623,-169.243,1.90668,0.2041
650000,10,-2.17647,-143.877,4.30642,0.19432
655000,11,4.36867,-152.728,3.53706,0.1874
660000,10,3.42184,-156.37,5.38871,0.2122
665000,4,4.32257,-179.713,2.11762,0.20468
670000,11,5.45385,-146.634,7.08378,0.20224
675000,6,3.15908,-168.542,2.99044,0.1952
680000,6,-0.655453,-149.811,1.99367,0.189
685000,9,-10.1984,-141.568,7.67318,0.206533
690000,7,0.974399,-155.057,4.30019,0.2008
695000,7,-1.18163,-158.879,4.85936,0.1982
700000,7,3.87153,-142.026,4.63351,0.1921
705000,7,1.87497,-159.429,3.90841,0.1926
710000,8,1.32651,-150.005,6.15007,0.1945
715000,7,2.82048,-152.923,3.07103,0.2091
720000,5,-0.578686,-187.249,2.68648,0.209467
725000,9,2.40934,-146.923,4.14354,0.202937
730000,10,2.0679,-143.225,2.44063,0.202067
735000,4,0.591805,-150.252,3.01298,0.19512
740000,8,2.13345,-155.745,3.03054,0.1972
745000,10,-9.79854,-148.877,7.95536,0.18645
750000,7,-3.91177,-162.942,3.29682,0.198067
755000,6,6.19237,-173.059,2.83922,0.2134
760000,5,-1.54525,-161.673,3.64478,0.2006
765000,8,1.98071,-161.764,4.25532,0.1992
770000,5,-0.478849,-158.592,3.06296,0.188
775000,10,-3.50591,-170.776,6.08679,0.2134
780000,13,1.26171,-135.036,7.26178,0.1988
785000,6,-0.338077,-135.679,3.27977,0.1942
790000,8,-0.290861,-144.016,3.17691,0.2068
795000,7,5.84353,-148.355,2.5252,0.20365
800000,8,1.36805,-143.316,2.29232,0.1864
805000,7,-2.32206,-166.895,2.35059,0.204217
810000,12,-5.44351,-151.024,6.09365,0.19104
815000,7,2.41563,-164.509,5.88862,0.20025
820000,9,3.17702,-166.613,2.62809,0.1942
825000,10,-0.617689,-174.175,5.05602,0.2232
830000,10,-2.56123,-168.592,7.51354,0.2178
835000,4,-7.92222,-168.823,6.09202,0.207
840000,8,-1.34501,-158.541,3.42493,0.208867
845000,8,-4.88108,-166.157,6.93771,0.2056
850000,8,-15.1496,-174.786,8.02924,0.2174
855000,3,-1.29521,-187.554,3.47325,0.22288
860000,14,-9.78177,-167.824,11.8402,0.2088
865000,11,0.542269,-141.286,2.88228,0.1994
870000,8,-0.28588,-166.467,5.45814,0.206729
875000,13,1.28747,-161.421,7.41712,0.200775
880000,6,-6.79427,-185.416,2.21275,0.20884
885000,6,-3.12311,-148.709,3.24239,0.2094
890000,9,-0.890819,-160.805,3.51798,0.202533
895000,5,-0.570545,-138.778,2.37395,0.2031
900000,8,-1.74225,-146.686,3.37384,0.1958
905000,9,2.57658,-137.188,5.12527,0.197325
910000,7,-9.15243,-140.748,5.91635,0.194
915000,6,-0.395068,-183.616,2.97964,0.21292
920000,5,-1.83053,-176.314,2.42766,0.2174
925000,9,-5.6405,-162.049,6.06798,0.2038
930000,5,-6.10311,-186.791,1.65319,0.2069
935000,13,-2.25045,-151.145,6.70852,0.19756
940000,1,-0.484358,-194.643,2.20418,0.205267
945000,7,1.02773,-192.73,1.75776,0.215667
950000,7,2.30297,-179.681,3.83602,0.210829
955000,9,0.927739,-159.594,3.57953,0.2054
960000,6,-2.4175,-164.154,4.93105,0.2102
965000,6,-3.16895,-146.484,4.01004,0.203
970000,5,-1.6029,-169.714,3.30588,0.22004
975000,7,-7.09664,-149.865,3.78636,0.2004
980000,8,-12.4978,-145.283,5.18888,0.19855
985000,4,-1.34616,-174.607,2.27243,0.207533
990000,8,1.5955,-166.085,3.70453,0.2042
995000,9,-6.42681,-154.844,4.97419,0.2142
1000000,7,-2.03458,-171.323,2.94529,0.207933
1005000,5,-0.0594665,-148.547,2.63664,0.20872
1010000,6,0.0414369,-150.401,4.6564,0.2046
1015000,7,-4.91356,-153.598,5.13519,0.2006
1020000,7,-1.60657,-151.277,3.10371,0.19
1025000,6,0.853572,-145.924,3.52213,0.1972
1030000,8,-2.35019,-149.475,7.82665,0.1974
1035000,8,2.25653,-164.51,3.57441,0.211143
1040000,9,-2.76082,-148.75,5.10647,0.2032
1045000,7,0.380086,-141.731,3.45817,0.2022
1050000,10,-0.207072,-176.579,4.83556,0.2188
1055000,7,-2.46079,-165.991,3.4734,0.2276
1060000,6,-2.66106,-169.628,3.16816,0.218
1065000,9,3.87476,-161.534,3.93605,0.20635
1070000,9,-1.92833,-145.489,4.19209,0.1954
1075000,9,-9.85093,-172.892,5.31737,0.207844
1080000,9,2.72286,-147.011,2.27542,0.1942
1085000,6,-4.48886,-164.353,4.94098,0.20611
1090000,3,-0.0269317,-183.346,1.82626,0.209
1095000,9,-3.10912,-169.988,5.18272,0.2148
1100000,8,3.2658,-157.451,2.47259,0.1957
1105000,11,2.50665,-146.785,6.46215,0.1946
1110000,14,-0.828494,-149.265,10.1848,0.1918
1115000,9,2.67384,-167.265,3.46473,0.1884
1120000,13,6.30323,-168.294,5.86257,0.201533
1125000,9,3.63595,-167.504,3.80045,0.215
1130000,5,-8.04582,-143.045,3.02519,0.2046
1135000,7,-4.24373,-150.518,2.82337,0.19
1140000,9,-3.23183,-153.937,3.2497,0.1846
1145000,8,-4.852,-147.894,5.49139,0.208012
1150000,7,-4.4539,-158.84,3.96035,0.2056
1155000,9,-3.09141,-151.822,4.41787,0.194967
1160000,11,2.17245,-151.461,3.79387,0.1865
1165000,12,1.69704,-149.837,4.62441,0.1917
1170000,10,0.564813,-160.453,5.62057,0.1882
1175000,8,-1.51233,-178.486,4.32882,0.202867
1180000,11,7.5711,-142.438,4.82724,0.206
1185000,6,-0.905936,-171.337,3.8946,0.207275
1190000,7,-8.78761,-146.048,4.84854,0.20205
1195000,3,-3.73009,-183.431,2.68203,0.21255
1200000,7,-9.03879,-143.071,4.25463,0.194
1205000,7,-4.63227,-137.672,4.57055,0.1884
1210000,7,0.954562,-164.555,2.80097,0.1952
1215000,10,-4.62683,-162.943,7.27439,0.2108
1220000,8,0.580544,-140.157,3.61941,0.1899
1225000,7,-5.51963,-163.541,3.92469,0.201
1230000,5,-2.61117,-161.411,2.53119,0.215
1235000,13,-7.13658,-161.753,8.83005,0.213
1240000,6,-2.23749,-159.851,2.54087,0.2034
1245000,6,-1.89873,-157.805,3.9149,0.218
1250000,12,-2.3341,-147.086,7.82283,0.206433
1255000,9,1.53631,-185.623,3.6143,0.2054
1260000,10,-4.01737,-179.213,6.47812,0.2179
1265000,11,-1.65238,-171.596,4.49373,0.192517
1270000,9,-6.61579,-156.065,8.93827,0.203
1275000,7,-1.51474,-147.712,3.34355,0.20255
1280000,10,1.09975,-144.175,4.6192,0.1948
1285000,5,-4.70671,-160.886,6.05961,0.218575
1290000,13,7.87729,-147.38,5.95787,0.2069
1295000,10,-2.30548,-156.965,3.57974,0.20284
1300000,9,-0.527731,-145.316,5.76527,0.197267
1305000,9,-7.20615,-153.732,5.64368,0.2081
1310000,14,2.42618,-145.258,7.30649,0.20032
1315000,11,-0.846002,-151.948,6.65097,0.1976
1320000,9,-0.898066,-142.75,3.15801,0.1933
1325000,6,-5.25714,-134.253,2.26356,0.1931
1330000,8,-14.046,-141.792,8.29765,0.1942
1335000,7,-1.10551,-162.145,3.44052,0.206429
1340000,10,-6.43973,-169.74,3.51296,0.2118
1345000,10,-0.79687,-157.294,6.25936,0.2077
1350000,11,-1.98919,-155.062,7.95246,0.20788
1355000,7,-6.77807,-141.75,4.16644,0.204667
1360000,7,-3.54772,-152.512,5.30986,0.1997
1365000,4,-4.28174,-163.647,2.57813,0.20965
1370000,8,-9.35515,-154.61,8.42977,0.2036
1375000,7,1.83058,-171.968,3.98223,0.2026
1380000,9,1.56029,-145.193,5.40735,0.1878
1385000,8,-6.45659,-147.358,6.25275,0.20664
1390000,9,2.22943,-134.335,5.11539,0.1871
1395000,5,-8.18501,-161.916,7.25946,0.20315
1400000,8,-4.32911,-162.381,3.54238,0.201733
1405000,9,-0.555401,-150.622,6.51336,0.2172
1410000,7,-7.41852,-152.703,4.08224,0.1987
1415000,8,-2.91828,-161.894,3.99863,0.1994
1420000,8,-1.64545,-179.846,2.65156,0.21312
1425000,7,-3.55252,-168.739,2.41158,0.205673
1430000,16,-2.77795,-157.132,7.27403,0.214067
1435000,5,2.52359,-174.038,1.62009,0.2074
1440000,9,-8.15367,-149.878,7.18691,0.214067
1445000,11,-1.52199,-161.226,5.21019,0.21528
1450000,11,0.0395327,-150.518,3.33508,0.19765
1455000,10,-9.35012,-152.103,3.06963,0.1874
1460000,6,-12.6121,-149.067,6.07868,0.216867
1465000,8,-11.2823,-149.482,5.60919,0.2014
1470000,16,-2.20127,-134.759,12.934,0.190533
1475000,5,-0.15904,-166.795,2.96109,0.21525
1480000,7,2.7115,-181.099,3.3194,0.2202
1485000,10,-3.5273,-157.691,6.5831,0.2044
1490000,2,0.0275807,-185.057,1.11259,0.2293
1495000,9,-0.0452301,-135.067,3.98656,0.204286
1500000,11,1.70058,-148.425,5.66802,0.202267
1505000,14,-2.84646,-128.883,10.1659,0.196
1510000,6,-2.20492,-145.541,4.895,0.2008
1515000,9,1.52584,-131.739,4.55243,0.1955
1520000,7,-0.98336,-149.918,2.56614,0.1964
1525000,7,3.33372,-135.298,4.45001,0.192267
1530000,8,2.40937,-135.495,2.74943,0.1965
1535000,2,-3.47713,-185.359,2.63312,0.204
1540000,11,-1.63406,-161.076,6.69526,0.19356
1545000,8,-0.359534,-145.868,4.38066,0.19375
1550000,9,-9.51824,-166.327,4.28919,0.2108
1555000,8,-2.89865,-146.126,6.07643,0.19904
1560000,7,-7.6745,-156.418,4.96582,0.1914
1565000,7,-6.1878,-165.021,2.77413,0.202133
1570000,10,-1.71371,-155.292,3.06614,0.2068
1575000,7,-7.11867,-178.731,4.50438,0.22315
1580000,6,-6.08722,-187.944,3.16506,0.212
1585000,6,-0.933784,-176.928,3.83172,0.193125
1590000,7,-8.78575,-165.224,4.02374,0.211333
1595000,10,-8.02368,-144.404,5.34237,0.217533
1600000,6,-8.20769,-165.673,2.40405,0.2118
1605000,9,-3.01909,-166.608,3.65833,0.2038
1610000,10,0.17898,-160.711,3.82779,0.20566
1615000,9,1.75629,-143.157,5.23676,0.19664
1620000,5,-0.200209,-171.691,2.02014,0.2056
1625000,9,3.75924,-142.65,2.86017,0.1994
1630000,9,-3.48613,-154.822,5.97481,0.2074
1635000,9,-4.40502,-161.194,6.11929,0.20088
1640000,5,0.459437,-163.156,2.87679,0.2034
1645000,10,-5.88337,-148.361,3.28292,0.1904
1650000,12,3.32553,-139.695,7.19397,0.200733
1655000,8,1.06393,-144.174,2.53764,0.20868
1660000,10,-0.850444,-144.123,4.53748,0.186933
1665000,11,-4.25618,-128.3,5.95439,0.1812
1670000,10,-7.40722,-136.979,6.12029,0.196067
1675000,8,-2.3856,-147.439,3.53642,0.1774
1680000,6,-0.0698855,-151.246,4.66834,0.179533
1685000,9,-1.55127,-149.981,5.30194,0.1973
1690000,8,3.0813,-148.832,3.49139,0.201225
1695000,6,-3.19505,-154.74,1.88039,0.204
1700000,10,-3.89346,-155.951,6.9607,0.1978
1705000,4,1.06551,-174.63,2.91733,0.206533
1710000,9,-0.0852297,-157.508,4.0634,0.2079
1715000,11,-3.05422,-158.647,2.87716,0.2065
1720000,9,-5.40898,-147.02,8.06793,0.1893
1725000,9,0.768975,-141.633,7.64755,0.1848
1730000,10,2.28198,-154.477,3.82582,0.199133
1735000,6,-1.90567,-164.481,5.06995,0.197686
1740000,10,1.18379,-159.856,9.72545,0.1988
1745000,5,0.0956547,-142.199,3.29664,0.203
1750000,7,-5.86422,-163.516,6.20853,0.209444
1755000,7,-4.4819,-168.895,4.71753,0.2052
1760000,7,-7.62489,-167.501,3.00853,0.1974
1765000,12,-4.30601,-150.097,5.28932,0.2042
1770000,8,4.53252,-152.208,2.79615,0.20048
1775000,2,-3.05622,-193.364,2.65117,0.21185
1780000,3,0.869965,-200.566,2.44367,0.214
1785000,7,-3.47167,-152.182,3.34485,0.18205
1790000,12,-5.29481,-150.891,6.80709,0.205717
1795000,9,-3.94988,-162.702,5.9555,0.1906
1800000,10,-1.21748,-147.972,7.0079,0.198433
1805000,9,-2.97,-154.866,3.5942,0.1908
1810000,8,0.0520747,-145.828,2.4813,0.194
1815000,6,1.87745,-165.356,4.16567,0.2178
1820000,7,-1.28534,-147.056,3.09579,0.1975
1825000,10,1.76287,-150.807,7.66428,0.1922
1830000,4,0.186409,-171.271,1.79476,0.21144
1835000,13,-1.82021,-139.792,6.95931,0.1922
1840000,7,-2.49644,-145.146,6.42171,0.1858
1845000,7,-1.9037,-125.032,3.66013,0.1652
1850000,11,2.34116,-148.238,6.13592,0.1944
1855000,10,3.94115,-154.76,3.97348,0.191
1860000,3,-6.99045,-171.22,1.16868,0.212689
1865000,9,1.95163,-143.24,2.81144,0.192
1870000,6,-3.10814,-162.745,2.47619,0.1952
1875000,6,-1.74473,-170.047,3.41036,0.208933
1880000,5,-8.46791,-162.961,2.90121,0.1994
1885000,17,3.74127,-146.448,7.56698,0.19105
1890000,6,-4.92682,-157.455,4.0291,0.2102
1895000,8,0.234315,-163.197,6.62837,0.1914
1900000,6,-6.88081,-159.067,5.37421,0.1941
1905000,6,-1.18867,-165.553,5.57493,0.2014
1910000,6,-1.64053,-145.711,5.01014,0.1902
1915000,8,-5.42847,-174.55,4.70464,0.19405
1920000,13,-11.5642,-155.079,6.83456,0.1967
1925000,3,-3.15675,-178.087,1.90644,0.2137
1930000,13,-1.33208,-165.261,6.28062,0.1919
1935000,12,-4.44592,-160.968,7.2991,0.194
1940000,13,-0.516992,-144.427,7.08881,0.198743
1945000,7,0.0521703,-151.233,3.59447,0.1933
1950000,4,-0.155245,-186.592,3.26,0.217573
1955000,9,-4.90706,-161.263,9.31423,0.192533
1960000,6,-10.5196,-166.045,5.67212,0.1918
1965000,6,0.155558,-161.771,2.48772,0.2014
1970000,2,-2.9941,-180.836,0.50374,0.214244
1975000,3,-3.87149,-178.961,3.55719,0.2108
1980000,8,-1.9118,-168.944,3.36746,0.218833
1985000,7,-2.40584,-152.487,5.36727,0.1974
1990000,9,2.0264,-156.641,6.40446,0.202311
1995000,6,-4.72304,-143.539,5.16969,0.196
2000000,6,-0.767023,-143.525,2.40539,0.186
2005000,10,-10.5369,-159.081,9.21791,0.1942
2010000,10,0.245125,-148.834,4.86866,0.193644
2015000,12,-1.70056,-129.897,3.9125,0.1792
2020000,16,1.00169,-140.131,14.6147,0.1883
2025000,10,-3.21085,-140.324,6.91952,0.200875
2030000,7,0.195996,-150.852,3.82219,0.1976
2035000,12,1.43772,-142.161,5.27464,0.17605
2040000,11,-6.12042,-156.896,5.80184,0.1926
2045000,8,-4.52251,-174.162,7.56432,0.219043
2050000,10,-1.54046,-173.901,4.52548,0.1864
2055000,6,-2.68759,-166.816,3.94767,0.2082
2060000,9,-1.46335,-145.036,5.21999,0.195033
2065000,9,-0.546267,-131.856,4.14537,0.189111
2070000,5,0.987555,-139.541,2.7704,0.19295
2075000,6,2.29651,-131.989,3.22683,0.1786
2080000,9,-4.05625,-139.536,7.52814,0.1922
2085000,11,-1.31757,-143.564,6.21639,0.19044
2090000,9,1.28693,-149.001,4.38032,0.1888
2095000,9,2.73875,-130.643,3.16487,0.1919
2100000,10,3.92118,-151.914,5.8863,0.1948
2105000,12,2.45558,-130.689,7.2891,0.1932
2110000,13,-15.2592,-148.924,10.641,0.197255
2115000,8,-0.12274,-163.869,7.57405,0.2012
2120000,9,1.68782,-145.081,5.77696,0.203733
2125000,5,-3.44578,-149.474,2.51776,0.199833
2130000,7,0.289674,-148.475,3.29241,0.199067
2135000,13,1.8563,-143.083,4.07313,0.1916
2140000,7,-3.49458,-160.557,4.21462,0.2008
2145000,1,0.214981,-195.595,0.874601,0.197257
2150000,10,0.561395,-147.219,6.88422,0.1967
2155000,8,4.61155,-145.872,5.2445,0.198
2160000,13,1.03542,-145.425,10.0665,0.203314
2165000,7,-1.02832,-152.626,3.68604,0.1972
2170000,7,-3.84239,-129.436,3.02991,0.187267
2175000,7,-2.57864,-155.912,4.84667,0.1932
2180000,5,-2.32917,-173.624,3.21422,0.20295
2185000,4,-2.601,-180.694,2.69151,0.216
2190000,1,-3.97976,-196.024,1.8853,0.2168
2195000,5,-3.06233,-159.873,3.62615,0.2001
2200000,11,-0.233465,-155.567,5.7773,0.1856
2205000,7,-3.74868,-210.616,2.58448,0.228267
2210000,6,-4.79143,-163.84,3.60804,0.218667
2215000,7,0.252297,-148.283,4.12324,0.1968
2220000,6,-10.583,-194.14,5.38057,0.215067
2225000,8,0.744509,-153.683,3.86732,0.2121
2230000,10,-1.17392,-146.349,5.63803,0.1902
2235000,6,0.69554,-141.686,2.94427,0.19404
2240000,8,-1.45537,-150.233,3.31461,0.186
2245000,8,1.88551,-153.285,5.59157,0.1923
2250000,7,0.884249,-155.556,4.07367,0.1766
2255000,3,-8.45555,-195.885,4.65013,0.219543
2260000,9,0.761011,-142.97,3.08712,0.1996
2265000,8,-3.23682,-150.427,3.30911,0.1916
2270000,5,-6.75769,-134.957,2.50179,0.18605
2275000,9,-4.23673,-157.058,3.55959,0.1766
2280000,6,-6.52617,-159.455,5.73412,0.19936
2285000,11,-3.03672,-156.66,5.58525,0.1815
2290000,12,1.77705,-158.103,3.57672,0.1826
2295000,4,-0.577948,-170.643,1.73864,0.204933
2300000,8,-0.332046,-153.687,6.44198,0.2002
2305000,11,-4.48414,-161.395,7.3585,0.21344
2310000,8,1.07399,-152.201,4.77417,0.1871
2315000,8,-2.18331,-145.608,2.59036,0.1892
2320000,10,-0.889508,-154.45,5.2496,0.2021
2325000,9,-1.71339,-152.8,6.62528,0.194325
2330000,11,4.9042,-155.715,7.72676,0.205286
2335000,11,-4.59147,-143.554,6.45825,0.1856
2340000,8,-3.7065,-147.253,3.68815,0.20388
2345000,7,-2.50215,-155.852,4.35813,0.199
2350000,10,0.204179,-141.758,3.47652,0.19556
2355000,6,-2.46851,-149.933,5.31678,0.19748
2360000,5,0.657627,-181.016,1.15571,0.1998
2365000,7,6.08374,-159.696,0.930824,0.2038
2370000,9,-11.0717,-162.411,9.74236,0.19904
2375000,14,-1.7606,-141.075,9.53763,0.18625
2380000,6,-2.92511,-143.508,5.05229,0.1962
2385000,11,2.96907,-140.037,2.88374,0.1736
2390000,10,4.32043,-151.545,3.54075,0.1966
2395000,12,5.27907,-148.593,3.78442,0.190444
2400000,8,4.69922,-157.729,2.08178,0.1975
2405000,9,-3.69936,-177.524,3.21771,0.202286
2410000,8,1.39241,-146.299,3.41269,0.199
2415000,5,-2.68633,-175.697,3.13721,0.207
2420000,10,-0.619039,-157.457,5.07058,0.1898
2425000,8,-3.8271,-147.525,3.70119,0.197133
2430000,8,4.27492,-149.257,2.39865,0.1876
2435000,8,-0.0244958,-155.632,5.77123,0.1726
2440000,5,-0.25309,-169.556,1.43573,0.1824
2445000,4,-4.43798,-171.661,4.05639,0.1866
2450000,8,-3.93081,-157.018,3.87062,0.183267
2455000,6,-2.83947,-154.223,2.14512,0.200867
2460000,12,0.643259,-140.479,6.58386,0.1943
2465000,7,-4.2468,-151.564,5.91322,0.191
2470000,10,-3.07793,-171.665,5.25732,0.20716
2475000,7,-7.49062,-159.836,4.78487,0.1922
2480000,17,-4.71911,-148.056,11.6298,0.1967
2485000,15,-0.482502,-147.797,6.56464,0.1996
2490000,12,7.57708,-132.821,4.93696,0.1968
2495000,5,-3.51937,-148.766,1.461,0.1996
2500000,2,0.52344,-179.263,1.05745,0.209235
2505000,9,0.916137,-139.609,3.07109,0.188275
2510000,7,-1.47998,-144.111,3.73852,0.1798
2515000,12,-4.3846,-159.856,4.6535,0.20452
2520000,12,2.54577,-148.493,4.53111,0.18916
2525000,11,3.72053,-143.452,4.09618,0.2054
2530000,11,-6.0515,-146.142,5.45237,0.19465
2535000,10,-2.10564,-149.111,3.70674,0.21025
2540000,10,-4.3939,-166.071,7.66279,0.1924
2545000,16,-1.65479,-149.91,7.70348,0.2166
2550000,3,0.0417578,-187.527,1.91522,0.222
2555000,7,-3.65274,-166.174,4.44479,0.1901
2560000,5,0.402052,-167.092,2.83898,0.1939
2565000,4,-1.34627,-171.489,5.11067,0.2008
2570000,7,1.09874,-164.732,3.88566,0.1938
2575000,3,1.57228,-212.606,0.428624,0.21388
2580000,7,-1.87942,-159.318,8.37061,0.204543
2585000,6,0.188953,-164.861,3.72742,0.1944
2590000,2,-0.741929,-191.113,2.05737,0.20615
2595000,5,2.43503,-171.815,2.36764,0.19585
2600000,6,-5.97586,-191.891,5.17639,0.2209
2605000,7,-1.44484,-165.133,4.09573,0.2132
2610000,9,-1.60636,-146.031,7.10237,0.1944
2615000,11,8.24071,-150.627,5.96564,0.2016
2620000,8,-5.71255,-153.656,3.4272,0.1964
2625000,5,-3.38464,-176.186,2.98698,0.22332
2630000,1,-1.54497,-186.814,0.61653,0.219
2635000,6,-7.33253,-171.312,2.92872,0.21404
2640000,5,0.447466,-165.053,0.803205,0.2042
2645000,11,3.00962,-151.827,8.42343,0.216
2650000,7,-0.229097,-156.903,5.82881,0.2078
2655000,9,2.89161,-152.089,6.24068,0.1862
2660000,6,-4.07938,-185.347,4.53752,0.217933
2665000,13,-7.21828,-168.385,5.86207,0.2171
2670000,3,-0.191158,-199.236,1.11689,0.21192
2675000,4,-7.43167,-174.652,2.45751,0.2206
2680000,10,-3.84758,-152.672,5.26708,0.20252
2685000,6,-1.77126,-140.633,2.6209,0.206
2690000,1,1.07025,-186.392,0.168097,0.2243
2695000,3,2.3428,-186.24,1.06116,0.2166
2700000,8,-0.655012,-146.494,5.85102,0.20012
2705000,3,-2.19285,-192.766,1.25713,0.216178
2710000,2,-1.09323,-189.136,0.565312,0.209133
2715000,8,3.64653,-179.844,3.60559,0.2234
2720000,2,-0.667729,-186.364,1.80398,0.2284
2725000,4,-1.87868,-185.673,2.38427,0.2172
2730000,7,-1.07483,-187.953,1.85314,0.2046
2735000,5,1.80938,-184.039,1.72521,0.2185
2740000,13,-0.935904,-165.667,8.06869,0.216925
2745000,8,-2.20416,-148.259,6.80689,0.204967
2750000,14,-1.83765,-144.511,10.5691,0.1972
2755000,11,-4.78138,-173.346,5.98838,0.214733
2760000,3,-0.607583,-182.152,1.24175,0.20564
2765000,4,-3.45198,-197.586,4.65785,0.213571
2770000,8,-0.314946,-171.143,5.73187,0.2154
2775000,6,3.86952,-179.64,2.24624,0.2144
2780000,9,2.13793,-153.468,5.21158,0.2139
2785000,5,-4.95354,-162.187,2.505,0.208467
2790000,11,-6.25249,-144.566,8.97547,0.181
2795000,6,-4.2703,-152.794,3.01174,0.2046
2800000,13,-4.22428,-146.092,5.76715,0.19642
2805000,8,-6.04812,-135.412,5.62282,0.1944
2810000,9,-6.90771,-145.983,5.97231,0.1678
2815000,11,2.0829,-142.031,4.86128,0.1762
2820000,13,1.84193,-156.012,5.84975,0.20808
2825000,5,1.67437,-174.55,2.99315,0.20764
2830000,8,2.49496,-155.222,1.38947,0.18825
2835000,11,-3.75235,-159.638,5.6385,0.2142
2840000,7,-9.39855,-140.25,6.65278,0.20045
2845000,9,-6.09585,-153.122,6.0174,0.189
2850000,8,5.75321,-144.761,3.16534,0.1998
2855000,9,0.918869,-159.464,4.85745,0.188075
2860000,12,-8.58594,-157.833,5.22906,0.194733
2865000,6,-5.9577,-159.521,1.85491,0.20844
2870000,5,-4.21091,-154.412,3.27594,0.2072
2875000,9,0.190004,-148.931,5.7748,0.194
2880000,5,-9.10346,-159.062,4.25786,0.205
2885000,6,-1.85134,-176.51,4.3579,0.202086
2890000,7,-1.93353,-150.247,3.12385,0.194667
2895000,8,-0.581366,-146.441,3.98901,0.1836
2900000,6,-6.71226,-139.56,3.11084,0.1972
2905000,8,-4.41632,-139.491,4.89466,0.1818
2910000,5,-2.47065,-140.774,1.81492,0.1952
2915000,9,-1.04049,-177.616,4.1361,0.204029
2920000,11,-1.3969,-138.675,4.34108,0.1984
2925000,3,-3.32438,-178.881,1.78577,0.2145
2930000,9,4.97179,-144.415,3.96386,0.1918
2935000,12,2.14975,-159.893,6.45544,0.204113
2940000,7,-9.36958,-153.456,5.27314,0.2029
2945000,6,-1.20437,-163.907,3.36458,0.21685
2950000,11,-2.81493,-143.09,8.92883,0.202
2955000,6,-11.1853,-150.407,3.03258,0.208
2960000,12,-10.9202,-145.073,8.51624,0.1962
2965000,6,-1.74417,-158.461,1.42131,0.2044
2970000,6,-1.43446,-168.196,1.88305,0.2094
2975000,3,-5.98577,-172.797,0.953056,0.20175
2980000,5,-2.21034,-170.146,2.13569,0.19415
2985000,9,-1.81725,-158.772,5.55926,0.21
2990000,7,-0.895496,-157.405,3.01239,0.2004
2995000,6,-5.05716,-160.043,3.94791,0.192
3000000,4,-4.47767,-166.459,3.32396,0.204333
3005000,7,-4.07336,-163.453,2.2882,0.213829
3010000,7,0.46749,-167.499,2.01607,0.2134
3015000,5,-2.56031,-143.032,2.43136,0.19447
3020000,6,-2.69651,-124.717,2.94945,0.181
3025000,11,0.517444,-178.02,6.05594,0.200333
3030000,13,1.07982,-177.696,3.76098,0.223
3035000,10,-5.17118,-149.268,4.14348,0.188333
3040000,2,-1.49014,-182.867,0.549871,0.2145
3045000,1,-5.41903,-196.288,1.36335,0.21302
3050000,3,0.791572,-183.37,1.81654,0.2204
3055000,8,-0.954452,-148.452,4.29451,0.1811
3060000,11,-8.36405,-155.985,8.28085,0.208018
3065000,4,4.1027,-197.772,0.691168,0.2186
3070000,1,-3.35278,-202.999,0.451172,0.222233
3075000,7,-5.17217,-150.958,6.66164,0.1912
3080000,9,-1.41356,-151.011,3.32438,0.20495
3085000,8,2.8764,-150.182,4.34869,0.1877
3090000,4,0.132402,-180.658,1.38901,0.21675
3095000,3,1.52694,-189.041,0.249273,0.214833
3100000,5,-6.43831,-173.589,3.47728,0.2152
3105000,7,-15.4459,-160.63,4.05369,0.2266
3110000,4,2.44224,-173.115,2.16186,0.213933
3115000,7,-1.2687,-186.702,4.70018,0.2071
3120000,4,-4.79275,-187.872,2.98886,0.2078
3125000,2,-0.509743,-183.649,0.877115,0.2226
3130000,1,-1.49683,-178.589,0.354175,0.222
3135000,5,1.67178,-173.405,2.26114,0.2108
3140000,5,-4.80488,-175.482,1.75065,0.2036
3145000,3,0.238221,-173.468,3.43475,0.201833
3150000,9,0.887348,-163.306,4.20988,0.2077
3155000,11,3.20348,-160.919,6.70128,0.1984
3160000,2,0.695944,-163.085,1.15251,0.2016
3165000,8,-5.00664,-167.73,6.80914,0.190071
3170000,2,0.0116974,-181.972,1.62496,0.20335
3175000,7,-2.88759,-177.151,2.29925,0.207533
3180000,4,-0.189385,-169.909,2.58742,0.210333
3185000,6,0.208728,-167.18,2.47593,0.210533
3190000,4,-3.79888,-172.724,1.45348,0.205
3195000,15,-0.71005,-136.446,8.34821,0.2018
3200000,6,3.07836,-160.571,2.03322,0.2048
3205000,9,-5.1859,-140.876,4.99181,0.2018
3210000,6,-5.03362,-165.874,5.3233,0.2014
3215000,6,-8.89518,-171.514,4.90749,0.2138
3220000,5,-4.03426,-156.305,2.48056,0.1972
3225000,4,0.160398,-170.326,2.40521,0.1981
3230000,7,0.849491,-156.7,6.11592,0.2043
3235000,7,-1.62778,-145.888,3.16166,0.2066
3240000,7,-8.15049,-156.335,3.82581,0.1942
3245000,10,2.07837,-150.317,4.89889,0.1876
3250000,1,-2.18609,-179.219,1.5537,0.21324
3255000,9,0.305971,-153.281,7.52296,0.209169
3260000,5,2.0145,-162.803,1.53998,0.205933
3265000,10,-12.6542,-147.068,7.22573,0.2149
3270000,8,-2.86058,-174.036,4.0238,0.2219
3275000,5,-4.21058,-159.915,5.17512,0.2002
3280000,6,-0.945705,-168.847,3.63028,0.2044
3285000,6,-9.0079,-167.854,3.43429,0.198
3290000,7,-1.81372,-156.755,4.34213,0.200952
3295000,8,1.32413,-146.483,3.54914,0.2008
3300000,10,-5.55043,-158.734,6.88156,0.207867
3305000,7,-4.83482,-171.589,2.54259,0.2224
3310000,8,-3.9275,-150.085,3.87729,0.217067
3315000,12,-2.09344,-147.204,9.76643,0.2021
3320000,15,5.54263,-160.568,5.37088,0.197182
3325000,7,0.177694,-165.634,1.88614,0.208
3330000,12,-2.33399,-163.761,8.98003,0.196167
3335000,11,-5.86334,-165.135,6.39516,0.19525
3340000,9,-1.7065,-141.104,4.90086,0.2051
3345000,8,-0.0961366,-148.854,4.55765,0.21115
3350000,6,-11.5221,-150.109,5.38777,0.1934
3355000,9,-1.10683,-142.542,4.77753,0.18976
3360000,7,0.780394,-148.248,1.88162,0.202667
3365000,11,-7.43588,-155.949,5.30374,0.2038
3370000,8,0.451995,-144.367,4.91811,0.1934
3375000,8,-1.10229,-152.592,3.64393,0.1842
3380000,8,1.68107,-144.549,5.88239,0.191444
3385000,7,-4.07236,-129.576,8.09393,0.193
3390000,5,0.080131,-154.558,2.30923,0.188533
3395000,9,5.48408,-159.731,4.21633,0.191375
3400000,7,-5.51492,-159.288,4.60167,0.1992
3405000,6,2.30565,-148.281,2.42643,0.19132
3410000,9,-2.1767,-164.423,3.6095,0.1876
3415000,9,2.33453,-142.413,4.6222,0.21365
3420000,10,0.46619,-149.249,5.98917,0.197
3425000,8,1.11921,-152.279,5.08954,0.1987
3430000,5,-1.43071,-159.473,3.59302,0.1894
3435000,10,-1.14114,-132.708,7.95171,0.1762
3440000,10,-9.24718,-129.608,7.30912,0.1756
3445000,5,0.0256284,-150.626,2.13523,0.1808
3450000,9,1.58643,-149.903,4.03335,0.186133
3455000,7,1.60298,-156.256,4.09655,0.1947
3460000,9,-1.54334,-153.977,4.14701,0.196943
3465000,10,-4.4796,-165.867,3.87767,0.192
3470000,4,1.92851,-172.125,1.08587,0.2088
3475000,1,-3.15396,-191.599,2.17699,0.2126
3480000,6,-8.1023,-160.777,3.83702,0.209833
3485000,16,-4.60064,-190.537,11.57,0.211533
3490000,22,3.38554,-173.928,10.4765,0.2184
3495000,7,-3.3274,-147.382,2.37728,0.210171
3500000,5,-3.09422,-172.156,1.14994,0.2102
3505000,6,-2.05944,-169.984,3.88133,0.211867
3510000,6,1.48682,-167.413,2.76974,0.2022
3515000,9,0.214107,-159.078,3.56929,0.2102
3520000,5,-2.50507,-161.489,4.75055,0.1986
3525000,9,-1.3221,-138.912,7.43159,0.18
3530000,5,1.15633,-153.505,1.46424,0.192143
3535000,10,-0.997091,-129.019,3.67579,0.1822
3540000,9,-3.8372,-157.406,5.10572,0.211571
3545000,13,-2.86804,-148.526,7.52192,0.1808
3550000,3,-1.04796,-195.671,2.6312,0.2072
3555000,7,-1.58672,-163.864,3.123,0.1985
3560000,12,2.61293,-169.995,3.5355,0.199867
3565000,3,-7.28999,-201.367,1.69222,0.2183
3570000,4,-2.38203,-178.764,2.39926,0.2292
3575000,16,2.45211,-159.213,10.6476,0.195325
3580000,13,-10.0836,-166.844,5.74996,0.1948
3585000,8,-1.92287,-155.119,3.21391,0.2104
3590000,5,-1.41597,-179.881,4.81415,0.215
3595000,5,-0.0497889,-179.594,3.04521,0.2074
3600000,6,6.92041,-164.698,0.837902,0.186333
3605000,9,-4.83142,-158.843,4.35124,0.2022
3610000,7,4.13788,-166.17,3.67956,0.2062
3615000,8,-2.97422,-165.684,5.38484,0.213
3620000,14,-2.00023,-157.433,8.76832,0.208867
3625000,9,-0.282861,-153.141,3.56532,0.2048
3630000,5,1.08771,-147.657,2.89624,0.203933
3635000,8,-5.1433,-151.078,6.83228,0.1968
3640000,7,-6.16359,-149.613,4.90659,0.211667
3645000,8,-3.13092,-142.432,4.24982,0.19968
3650000,8,-4.74384,-166.252,1.58524,0.216689
3655000,10,-1.00248,-160.221,6.84002,0.1879
3660000,8,-10.3819,-166.403,4.9409,0.1998
3665000,7,-9.28103,-153.949,4.05584,0.1864
3670000,9,-12.085,-141.294,4.57832,0.191314
3675000,6,-2.32339,-158.978,1.99147,0.19815
3680000,11,-9.1977,-175.117,12.1609,0.194667
3685000,9,-2.65011,-147.988,5.32462,0.2002
3690000,8,-3.11779,-157.026,2.75018,0.187733
3695000,9,-5.16806,-155.229,5.35069,0.209533
3700000,11,-4.14818,-141.289,6.69394,0.202033
3705000,6,-5.40363,-156.385,5.23847,0.2016
3710000,13,-3.86424,-162.699,6.64516,0.202133
3715000,7,-6.73027,-164.809,2.28672,0.201133
3720000,7,-4.89964,-155.282,4.40976,0.205867
3725000,8,-4.83398,-147.833,4.82707,0.199
3730000,5,0.199063,-154.861,1.35207,0.1916
3735000,4,1.21191,-166.326,3.00523,0.1922
3740000,7,-7.80688,-166.441,5.04383,0.2012
3745000,5,-0.595681,-167.605,2.31909,0.224
3750000,4,-5.16231,-169.483,2.60388,0.196833
3755000,9,-3.99643,-152.409,6.0176,0.1996
3760000,11,4.20114,-155.817,2.89256,0.195467
3765000,9,0.48903,-138.18,5.86563,0.2039
3770000,9,-4.43707,-155.549,4.41805,0.2017
3775000,11,-0.422329,-167.554,5.18822,0.2033
3780000,6,0.125042,-154.799,2.92765,0.2022
3785000,8,-3.10984,-139.215,2.57381,0.182733
3790000,7,4.08593,-155.789,3.02267,0.202225
3795000,6,-4.28976,-163.998,2.74223,0.2052
3800000,12,1.03245,-163.923,6.115,0.209
3805000,10,0.0438919,-161.587,4.68617,0.19585
3810000,8,-0.224862,-148.711,4.68083,0.191
3815000,6,-1.3257,-148.069,2.20764,0.1982
3820000,12,-4.41572,-146.37,6.71612,0.1877
3825000,9,-3.86277,-134.357,5.05355,0.1942
3830000,9,-3.30515,-165.145,5.31895,0.207747
3835000,9,-1.73253,-147.434,5.48023,0.2148
3840000,4,-5.02388,-160.587,3.38763,0.203733
3845000,6,-0.975913,-155.274,5.00167,0.2024
3850000,11,-0.935193,-160.302,6.62563,0.200371
3855000,8,-3.93607,-143.466,5.56837,0.1945
3860000,8,-1.60338,-147.046,7.97129,0.19775
3865000,5,0.605495,-170.517,1.83671,0.1982
3870000,5,-1.8743,-148.795,2.02573,0.191
3875000,8,4.98316,-157.439,2.46732,0.2204
3880000,6,-3.57691,-164.025,4.33785,0.205422
3885000,7,-1.56668,-152.433,7.38561,0.1993
3890000,2,-1.06796,-175.359,0.366811,0.198975
3895000,5,1.84662,-159.821,3.59848,0.207333
3900000,8,-1.44911,-141.898,4.1603,0.1868
3905000,9,-5.37583,-146.812,9.95474,0.1968
3910000,7,0.332193,-154.965,4.42305,0.1948
3915000,9,-5.73715,-138.633,4.80131,0.188967
3920000,7,-4.36072,-152.716,5.02011,0.195733
3925000,7,-5.83551,-148.236,3.33941,0.2005
3930000,10,-1.73605,-152.255,5.5035,0.1918
3935000,4,-9.47416,-160.893,5.61952,0.1956
3940000,11,1.55751,-150.318,6.90072,0.2014
3945000,6,-0.388963,-151.175,4.56293,0.2056
3950000,7,0.16138,-140.626,3.69167,0.1938
3955000,6,-10.9134,-143.856,4.82233,0.2002
3960000,9,-2.84647,-143.611,4.10241,0.1947
3965000,6,2.53398,-146.503,1.58124,0.1892
3970000,8,5.96015,-156.48,3.21523,0.201943
3975000,7,2.12553,-152.636,3.34972,0.1866
3980000,8,-0.0204639,-152.775,4.49207,0.1951
3985000,8,1.07078,-150.697,5.29004,0.1853
3990000,16,5.18273,-156.016,7.90696,0.2091
3995000,7,0.184541,-156.335,4.88562,0.2001
4000000,7,-7.31828,-144.785,5.08892,0.1934
4005000,6,-4.7018,-138.484,3.66419,0.18675
4010000,8,-11.5055,-148.194,4.68444,0.1868
4015000,8,4.36329,-144.456,2.89266,0.1846
4020000,6,-3.46718,-150.061,2.74166,0.20008
4025000,11,-2.10591,-159.378,8.56018,0.1855
4030000,7,-5.57827,-165.772,3.36357,0.2147
4035000,8,1.23197,-151.158,4.61299,0.195956
4040000,6,-0.297209,-148.843,3.8112,0.181771
4045000,6,3.15219,-147.708,2.01003,0.2008
4050000,5,-4.12833,-163.294,4.76716,0.20665
4055000,9,-4.39565,-159.084,4.22175,0.1966
4060000,9,-2.45182,-188.871,1.52522,0.2042
4065000,9,7.34622,-162.044,2.71852,0.19685
4070000,12,3.40311,-149.449,4.02104,0.1955
4075000,10,6.55795,-145.065,2.66836,0.2025
4080000,9,-0.14989,-137.439,3.41046,0.195343
4085000,5,-0.388338,-141.54,0.918496,0.1876
4090000,8,-4.35585,-176.121,5.37224,0.212633
4095000,10,-7.51232,-151.065,7.50274,0.1878
4100000,15,3.76462,-156.689,6.28046,0.19692
4105000,8,-7.75111,-130.831,6.25962,0.199629
4110000,8,-7.09719,-146.139,6.68135,0.1934
4115000,6,-0.82903,-144.381,3.32719,0.198533
4120000,14,9.69679,-144.177,6.81389,0.195267
4125000,12,-8.2723,-129.249,7.49635,0.2012
4130000,4,0.994392,-157.367,0.742247,0.207133
4135000,12,-10.663,-177.016,7.73141,0.217044
4140000,15,-1.16508,-151.145,6.96156,0.1972
4145000,11,1.48258,-149.432,4.57356,0.1832
4150000,14,-5.28999,-136.693,10.4426,0.17
4155000,11,-4.73635,-142.484,6.34992,0.1742
4160000,9,-3.73979,-140.966,4.17114,0.1888
4165000,4,0.687242,-149.187,2.06167,0.197171
4170000,7,-3.67043,-139.011,5.76814,0.198486
4175000,8,-0.183292,-146.209,3.53019,0.187067
4180000,13,-1.97851,-145.293,6.03776,0.2064
4185000,12,-3.51697,-147.06,7.84478,0.193667
4190000,8,-6.76858,-139.362,4.48326,0.186
4195000,8,0.255697,-140.234,3.01527,0.195627
4200000,13,-6.67486,-147.662,7.05221,0.1821
4205000,12,-7.14023,-172.768,6.08601,0.1966
4210000,7,-2.47197,-160.684,3.1719,0.2074
4215000,11,-1.60562,-151.884,4.25417,0.2122
4220000,9,-1.69821,-152.418,3.51101,0.1909
4225000,7,-5.08927,-171.698,4.73158,0.204571
4230000,9,1.31897,-165.451,5.92871,0.217533
4235000,6,-0.98776,-135.502,5.65989,0.2018
4240000,9,-0.957632,-149.018,2.42308,0.1872
4245000,6,-9.49104,-157.354,8.52259,0.200671
4250000,9,2.7616,-146.304,4.40218,0.1931
4255000,12,-2.584,-134.529,9.03657,0.20004
4260000,11,3.41805,-153.702,4.77613,0.199467
4265000,8,-4.6463,-168.286,3.11412,0.20108
4270000,17,-4.53858,-148.488,7.47605,0.201667
4275000,14,-13.486,-154.517,8.58511,0.187067
4280000,9,-4.13112,-173.942,3.01216,0.2106
4285000,9,-1.53598,-163.871,4.27562,0.20955
4290000,10,1.31439,-150.164,3.15196,0.1998
4295000,12,-6.84737,-128.818,6.07863,0.1956
4300000,8,-2.98936,-144.174,3.97514,0.1694
4305000,13,8.58409,-138.559,7.05096,0.198455
4310000,16,6.20918,-134.953,6.83745,0.197233
4315000,8,4.49968,-141.428,3.91104,0.191
4320000,8,-1.2131,-132.924,4.45012,0.1796
4325000,7,2.36524,-147.475,2.35712,0.175
4330000,13,3.39111,-149.01,5.67005,0.1848
4335000,5,-4.37842,-157.286,1.53551,0.190943
4340000,6,-5.61508,-154.996,5.89166,0.198314
4345000,6,-3.4112,-145.93,3.81942,0.1968
4350000,10,-5.92679,-162.012,7.52142,0.205178
4355000,6,-4.726,-139.983,5.35347,0.19832
4360000,13,4.2098,-153.184,3.39112,0.1954
4365000,6,-3.38334,-151.175,3.8993,0.20868
4370000,8,-6.35133,-148.876,5.71303,0.20755
4375000,13,4.51645,-135.457,8.17477,0.192467
4380000,9,-1.21862,-151.326,5.4142,0.206267
4385000,12,-0.194316,-150.18,5.51691,0.203267
4390000,16,6.2547,-168.839,5.29306,0.1926
4395000,14,1.84424,-158.995,5.52351,0.1988
4400000,5,-1.64988,-164.212,3.55205,0.202764
4405000,7,-0.427981,-165.01,3.11846,0.21085
4410000,9,-5.90167,-159.377,6.36533,0.201333
4415000,6,-5.55968,-163.497,3.85164,0.2152
4420000,10,-4.3263,-172.535,5.4803,0.2138
4425000,7,-6.18624,-156.521,3.15591,0.2221
4430000,12,-6.76107,-152.018,8.74221,0.201
4435000,12,-7.81999,-143.354,8.13311,0.211
4440000,14,-1.65276,-142.541,7.33379,0.2012
4445000,5,-6.41021,-158.597,4.42223,0.202
4450000,8,-0.741424,-157.586,3.85353,0.204311
4455000,7,-4.15441,-176.827,5.64077,0.211844
4460000,10,3.55213,-173.329,4.84381,0.2048
4465000,4,-8.04224,-181.71,3.85512,0.215
4470000,7,-2.75523,-158.407,3.62405,0.2025
4475000,5,1.97903,-153.759,3.3529,0.2124
4480000,7,-3.91064,-160.092,2.45541,0.211457
4485000,4,-0.885615,-156.166,1.33786,0.2005
4490000,6,-6.00004,-176.005,3.28186,0.2226
4495000,8,0.692998,-157.664,4.2936,0.2027
4500000,10,-14.1643,-137.246,4.00111,0.19265
4505000,15,-4.07302,-144.295,6.87995,0.195333
4510000,8,-6.13391,-176.508,7.46949,0.2085
4515000,5,-8.2184,-146.15,5.22352,0.202
4520000,11,-4.36504,-164.695,7.21626,0.2152
4525000,4,0.0857913,-172.651,1.10143,0.1932
4530000,5,-8.4964,-156.682,5.26448,0.205771
4535000,5,-3.20272,-150.485,4.37953,0.2056
4540000,9,-4.5933,-166.131,5.27222,0.20268
4545000,8,-0.946468,-153.532,4.9903,0.1909
4550000,7,-7.89857,-141.98,6.0385,0.18
4555000,1,-0.0734456,-196.92,0.525453,0.2149
4560000,5,3.752,-159.03,1.02505,0.1839
4565000,14,-2.9381,-140.238,10.7551,0.19012
4570000,9,3.98305,-153.913,3.09553,0.1938
4575000,2,0.75682,-186.497,0.379081,0.2264
4580000,11,1.98008,-147.233,4.55104,0.1995
4585000,7,0.838202,-158.619,4.19587,0.20532
4590000,9,-5.38334,-154.688,7.29967,0.1986
4595000,11,-2.26061,-153.065,7.44824,0.1884
4600000,6,-2.96405,-169.941,3.59931,0.202
4605000,7,-9.73456,-161.756,4.12927,0.2078
4610000,2,-0.217107,-190.429,1.50163,0.214429
4615000,1,1.37905,-194.099,0.477817,0.21445
4620000,1,0.25058,-191.943,1.89753,0.2164
4625000,7,-8.93672,-165.908,6.94726,0.198
4630000,6,-4.42719,-157.815,4.75996,0.1968
4635000,6,-0.819506,-179.762,2.93207,0.20892
4640000,11,4.22025,-159.614,4.39913,0.2224
4645000,11,-1.67827,-157.552,8.91057,0.2046
4650000,13,-1.69302,-176.536,7.45477,0.207689
4655000,5,-5.09424,-172.951,2.21213,0.2258
4660000,5,-1.48211,-158.295,3.44986,0.232
4665000,9,5.02557,-152.808,3.12858,0.2093
4670000,5,-0.518727,-166.845,2.60265,0.2034
4675000,12,-0.906576,-164.706,4.70581,0.1957
4680000,14,-3.88289,-147.694,4.25581,0.201
4685000,2,-0.64927,-200.433,2.54854,0.207325
4690000,10,-2.21164,-167.432,5.55909,0.2032
4695000,9,-1.60032,-156.63,6.29977,0.2042
4700000,8,-4.62276,-143.074,4.69835,0.2005
4705000,6,1.8273,-148.769,2.4778,0.219914
4710000,14,-9.50537,-151.392,6.13697,0.1884
4715000,5,1.66903,-152.608,1.27839,0.190733
4720000,6,-3.63004,-163.242,3.75504,0.19692
4725000,6,-2.02146,-164.193,2.4013,0.20985
4730000,6,-8.39973,-167.723,4.13655,0.207
4735000,11,1.18866,-161.716,5.28732,0.20235
4740000,11,5.54414,-151.394,4.79779,0.2074
4745000,6,-3.84405,-137.873,5.70792,0.19952
4750000,5,3.80997,-151.773,3.43758,0.1904
4755000,6,6.20584,-150.705,1.63042,0.1874
4760000,9,7.05996,-163.559,3.98201,0.1876
4765000,11,2.50573,-155.159,5.79477,0.2013
4770000,5,-1.83282,-165.781,3.08258,0.18968
4775000,9,4.41299,-145.101,4.98687,0.2048
4780000,6,1.82139,-171.251,1.83935,0.1956
4785000,6,-5.2024,-154.106,4.00741,0.204
4790000,9,-4.07866,-157.944,4.36432,0.1969
4795000,6,-3.75576,-199.301,2.72438,0.215033
4800000,6,-0.16442,-149.666,3.70575,0.206867
4805000,3,-4.93349,-184.443,0.977416,0.2149
4810000,6,-4.25754,-155.097,6.02192,0.20996
4815000,12,5.25444,-145.694,6.8873,0.193533
4820000,9,-1.56557,-137.359,5.33192,0.1898
4825000,7,-3.38978,-136.03,2.27432,0.200771
4830000,6,-6.22356,-166.974,6.06457,0.19685
4835000,7,-2.4898,-151.592,2.96506,0.184
4840000,9,-2.88082,-155.812,5.59702,0.19185
4845000,5,-1.5257,-150.44,3.79138,0.1984
4850000,8,-2.00209,-152.006,6.56307,0.1929
4855000,18,-5.88461,-141.74,13.9229,0.2031
4860000,13,-4.77188,-153.325,6.29063,0.205
4865000,4,-2.55791,-153.857,5.01084,0.199317
4870000,8,3.10281,-167.477,2.63833,0.20505
4875000,11,2.43669,-164.108,4.16199,0.1952
4880000,6,-1.40202,-159.112,4.8998,0.194933
4885000,8,3.86763,-144.484,2.58255,0.18856
4890000,10,-0.350036,-150.327,5.04906,0.198833
4895000,6,0.0767729,-150.091,3.29304,0.2124
4900000,7,-0.177828,-154.583,2.4226,0.2172
4905000,7,1.34082,-168.228,2.56834,0.219967
4910000,12,-4.48754,-142.117,9.0443,0.19984
4915000,15,-3.7261,-138.63,8.99414,0.2024
4920000,5,-1.57018,-142.962,1.56999,0.195
4925000,9,-3.03112,-153.743,6.96774,0.2106
4930000,21,2.16966,-133.614,10.4562,0.1886
4935000,7,-3.88231,-158.776,6.45322,0.2034
4940000,6,-0.95395,-162.333,5.49121,0.19012
4945000,7,-2.58998,-159.817,3.87614,0.186667
4950000,7,1.58821,-143.012,2.44807,0.201
4955000,4,-9.99655,-176.949,3.74613,0.207275
4960000,11,2.9839,-135.506,4.75314,0.1915
4965000,6,3.00465,-154.71,4.3955,0.202033
4970000,7,-1.41438,-167.807,3.3507,0.212533
4975000,5,-0.300345,-170.899,2.05793,0.2146
4980000,12,1.02205,-156.503,6.86141,0.207867
4985000,9,-4.43918,-147.331,4.10122,0.20404
4990000,11,3.39943,-138.905,5.63304,0.196978
4995000,5,-4.00638,-149.505,3.31655,0.199733
