generation,N_shifts,logPrior,logLik,eventRate,acceptRate
0,0,0.0992242,-251.769,1,1
1000,0,-0.0330922,-241.837,0.733185,0.452547
2000,0,-0.213509,-242.18,1.25186,0.396802
3000,0,0.393439,-240.553,0.651778,0.341
4000,0,0.475321,-240.711,0.459761,0.378667
5000,0,0.791604,-241.331,0.0403896,0.339
6000,0,0.145541,-241.642,0.599227,0.422
7000,0,0.388663,-242.206,0.111133,0.360948
8000,0,0.961397,-241.98,0.101697,0.334
9000,0,-1.70043,-242.642,0.691423,0.388
10000,0,0.662486,-240.925,0.375266,0.339714
11000,0,0.0795727,-242.96,0.200102,0.389
12000,0,-0.0109421,-242.37,1.06397,0.409
13000,0,0.89293,-240.968,0.0796856,0.364692
14000,0,-0.160842,-241.377,1.06348,0.327
15000,0,0.916165,-241.446,0.0883852,0.39
16000,0,-3.24465,-241.944,0.0659813,0.327
17000,1,-0.479625,-230.247,0.440536,0.484
18000,3,-2.22349,-235.135,3.37153,0.47
19000,1,-1.44176,-228.937,0.75006,0.517
20000,1,-1.01423,-231.526,0.797494,0.464
21000,1,-0.639112,-231.962,1.68296,0.423
22000,1,-0.922512,-230.61,0.962245,0.458
23000,1,-2.64432,-230.489,2.0102,0.455333
24000,1,-0.514882,-230.319,0.544558,0.427933
25000,1,-1.97512,-233.641,1.7223,0.4735
26000,1,-0.152562,-229.205,0.529438,0.4615
27000,1,0.343306,-235.221,0.658399,0.495
28000,1,-4.06022,-231.855,1.78954,0.4257
29000,2,-0.453921,-229.299,0.32762,0.472
30000,1,0.817521,-229.598,0.472837,0.47
31000,1,-0.119662,-230.503,0.495162,0.506
32000,1,-0.0255088,-233.958,0.58223,0.517
33000,3,-2.3726,-233.555,3.97011,0.47
34000,0,-0.03036,-243.846,0.597721,0.4506
35000,1,1.0592,-233.118,0.359857,0.481
36000,0,-0.95333,-242.477,1.53968,0.2745
37000,0,0.545883,-241.541,0.198675,0.309
38000,0,0.364085,-241.754,0.349241,0.32
39000,0,0.463318,-241.26,0.354348,0.276
40000,1,-0.726402,-236.133,1.82233,0.4914
41000,1,-1.45612,-230.344,0.647083,0.491667
42000,1,-2.06404,-231.313,2.07131,0.384667
43000,1,-3.05667,-228.11,1.62155,0.499
44000,1,-1.65871,-229.896,0.984574,0.486
45000,1,-0.511236,-237.043,1.71154,0.499
46000,1,-0.94513,-233.995,1.09048,0.455
47000,1,-2.0332,-231.091,1.93485,0.494
48000,1,-1.80348,-232.216,3.0907,0.454
49000,1,0.737373,-236.128,0.880307,0.489
50000,1,-0.467854,-233.48,2.13674,0.489333
51000,1,-1.30279,-232.255,0.767849,0.461
52000,1,-2.22588,-228.554,1.68672,0.479833
53000,1,-0.764218,-235.949,0.41512,0.468
54000,1,-1.08614,-234.983,1.34637,0.471
55000,1,0.337326,-233.169,0.627889,0.446
56000,1,-2.7861,-232.497,2.2485,0.475
57000,1,-0.644492,-233.249,0.590075,0.535
58000,1,-1.12618,-230.603,1.14479,0.484
59000,1,0.592201,-231.807,0.591849,0.477111
60000,1,0.108592,-230.824,0.658686,0.495
61000,1,-0.448014,-235.301,0.582476,0.456
62000,1,-0.963563,-228.737,0.316742,0.413
63000,1,0.179255,-229.814,0.634606,0.427917
64000,2,-3.7962,-231.663,1.33559,0.4805
65000,1,-1.34897,-233.205,1.11615,0.5035
66000,1,1.26728,-233.677,0.404327,0.5005
67000,1,-2.34089,-235.983,1.01148,0.386325
68000,1,-0.515133,-233.003,0.986021,0.508667
69000,2,-4.04099,-238.916,2.28886,0.5
70000,1,-0.377493,-232.826,0.815346,0.466
71000,1,-1.84409,-234.931,1.27145,0.498
72000,1,0.518969,-233.509,0.513098,0.467
73000,2,-0.271387,-237.765,0.499782,0.4652
74000,2,-1.20817,-229.645,1.92432,0.443
75000,1,-0.738191,-232.982,0.416403,0.466
76000,1,-2.56191,-229.526,0.546995,0.4706
77000,1,-0.424764,-234.114,1.96908,0.487
78000,1,-0.0393729,-230.378,0.62693,0.484
79000,1,-1.50905,-232.525,0.776911,0.4702
80000,1,0.40524,-232.511,0.593948,0.461
81000,2,-1.45921,-234.117,2.37556,0.525
82000,0,0.145016,-241.352,0.829429,0.405857
83000,0,0.842046,-240.59,0.20558,0.346
84000,1,-1.7096,-228.684,1.00725,0.489412
85000,1,-1.16063,-232.687,0.973045,0.451
86000,2,-1.16381,-233.68,0.902964,0.463
87000,1,0.162177,-233.351,0.875688,0.494
88000,1,1.30719,-233.616,0.319852,0.473
89000,1,-3.42318,-236.899,0.235671,0.487
90000,1,-3.61169,-232.648,0.685744,0.462
91000,1,-1.08181,-233.405,2.30682,0.488583
92000,1,-0.347159,-240.063,0.240688,0.485455
93000,0,0.177945,-244.822,0.163173,0.321
94000,0,0.77286,-245.287,0.0313999,0.268
95000,1,0.669332,-232.112,0.562563,0.49425
96000,1,0.725539,-233.113,0.401605,0.489
97000,0,0.0303086,-246.05,0.330686,0.4658
98000,0,0.45827,-242.049,0.526936,0.32675
99000,0,0.972145,-242.826,0.0219037,0.332
100000,0,0.573073,-242.549,0.322531,0.314
101000,0,0.526337,-240.934,0.34084,0.29
102000,1,-0.463367,-238.441,1.27346,0.3374
103000,0,0.773772,-240.833,0.147532,0.381
104000,0,0.815827,-240.794,0.134039,0.314333
105000,0,0.601034,-241.76,0.173912,0.3015
106000,1,0.225048,-234.392,0.675961,0.4814
107000,2,-1.78743,-233.188,2.77712,0.481
108000,1,1.02376,-231.662,0.243946,0.490667
109000,2,-0.644743,-234.777,1.38255,0.459
110000,0,-1.05431,-242.619,1.64486,0.315
111000,0,-0.0338006,-242.706,1.02485,0.302
112000,0,0.613314,-240.854,0.410036,0.312
113000,0,0.580399,-241.703,0.0971098,0.306
114000,0,0.43505,-241.456,0.361713,0.283
115000,0,0.299763,-242.997,0.389976,0.264
116000,2,-1.5894,-229.917,0.235327,0.479222
117000,1,-0.819376,-229.855,0.990921,0.532
118000,1,-0.786829,-233.059,0.85719,0.519
119000,1,-1.36069,-234.789,2.321,0.479
120000,1,-1.39324,-230.543,0.259305,0.489273
121000,1,-0.680679,-232.354,1.15707,0.4995
122000,1,-2.56928,-233.669,2.23505,0.343
123000,1,-1.13401,-230.717,0.674776,0.4655
124000,0,0.923367,-241.334,0.103383,0.332778
125000,0,0.525398,-241.197,0.501125,0.367
126000,0,0.292693,-240.958,0.717503,0.39775
127000,0,0.084574,-243.962,0.436874,0.316
128000,0,0.994217,-241.425,0.00625699,0.311
129000,0,-0.458192,-242.047,1.34634,0.366
130000,1,-0.415784,-232.915,2.17056,0.4871
131000,1,0.265423,-235.627,0.213661,0.522
132000,1,0.495608,-233.085,0.196351,0.514
133000,1,-4.48842,-231.256,0.571073,0.474
134000,0,-0.636779,-241.083,1.68838,0.3304
135000,1,-1.27733,-229.314,1.8138,0.4785
136000,1,0.178198,-233.05,1.38219,0.523
137000,1,-1.50135,-230.797,0.466027,0.488571
138000,0,0.860347,-240.885,0.158646,0.330462
139000,0,0.890607,-240.81,0.150378,0.391
140000,0,0.733462,-240.742,0.265571,0.35
141000,2,-5.91101,-231.164,1.52931,0.4818
142000,1,0.253449,-242.85,0.347667,0.4982
143000,0,0.457318,-241.198,0.41386,0.307
144000,0,0.626266,-240.602,0.398602,0.31
145000,0,-0.639532,-243.027,1.27909,0.360818
146000,0,0.81542,-240.401,0.180334,0.311
147000,0,0.497556,-243.47,0.157608,0.357
148000,0,0.196082,-241.088,0.198849,0.384625
149000,0,0.918843,-243.983,0.0771291,0.377
150000,0,0.42057,-242.599,0.13333,0.329167
151000,0,0.199296,-242.045,0.420847,0.3275
152000,0,0.803166,-242.81,0.0406432,0.297
153000,0,-0.00182178,-241.125,0.971545,0.332167
154000,0,-0.224984,-241.628,1.08832,0.301
155000,1,-1.83243,-230.626,1.22826,0.468214
156000,0,-0.0552438,-242.683,0.630808,0.3425
157000,0,0.520065,-241.17,0.290519,0.284
158000,0,0.960302,-241.015,0.0678528,0.451667
159000,0,0.227003,-242.915,0.610805,0.369
160000,0,0.644757,-241.218,0.222085,0.367
161000,0,0.830847,-241.072,0.221304,0.382714
162000,0,0.555437,-244.37,0.360332,0.3195
163000,0,0.774155,-241.478,0.0437499,0.277
164000,0,0.225503,-241.67,0.78707,0.284
165000,1,0.111021,-232.306,0.934996,0.424375
166000,1,-0.259182,-231.427,1.19056,0.489
167000,1,1.00653,-233.206,0.617693,0.491
168000,1,-2.33639,-231.279,1.44536,0.46
169000,1,0.284164,-229.631,0.225352,0.484
170000,1,-0.0273573,-230.304,0.0466246,0.494
171000,0,0.61441,-240.779,0.4389,0.3268
172000,0,0.37753,-240.976,0.621355,0.305
173000,0,-0.0718967,-240.874,1.05605,0.330913
174000,0,0.763638,-242.153,0.136786,0.346
175000,1,-1.51394,-232.562,1.89731,0.4782
176000,1,0.851726,-233.978,0.436291,0.459
177000,0,0.88568,-241.601,0.0215176,0.2872
178000,0,-0.0983615,-241.758,0.893031,0.331143
179000,0,0.523217,-242.223,0.0937628,0.265
180000,0,0.35227,-241.544,0.486284,0.302
181000,0,0.541863,-242.597,0.379511,0.3315
182000,0,0.0721966,-241.226,0.761937,0.304375
183000,0,0.672078,-242.806,0.0448847,0.275
184000,0,-0.726392,-240.874,1.59529,0.284
185000,2,0.432857,-232.208,1.15026,0.493111
186000,0,0.795114,-243.234,0.0848896,0.304167
187000,0,0.283169,-245.725,0.0693619,0.305
188000,1,-0.0257011,-232.326,0.952812,0.496333
189000,2,0.587132,-242.704,1.29972,0.335
190000,0,-0.308004,-241.26,1.29075,0.415
191000,0,0.577127,-241.381,0.396193,0.303
192000,0,0.909032,-242.174,0.0243682,0.388
193000,0,0.366072,-241.338,0.630265,0.326917
194000,0,0.344107,-240.805,0.607966,0.372
195000,0,0.970813,-242.181,0.0523456,0.4585
196000,0,-0.288455,-243.43,1.22516,0.3908
197000,1,0.952384,-232.766,0.645099,0.490444
198000,1,-0.528956,-231.561,1.54237,0.536
199000,0,0.45257,-242.404,0.100747,0.325
200000,0,0.837505,-240.498,0.19712,0.307
201000,1,-3.10301,-241.504,1.62936,0.379
202000,1,0.0755302,-237.345,0.561336,0.485
203000,2,-0.555266,-235.564,0.772364,0.5
204000,1,-3.13243,-234.336,3.50336,0.473
205000,1,0.110075,-233.687,0.943847,0.483
206000,1,-1.52996,-228.138,0.48541,0.503
207000,1,0.414632,-231.094,1.11889,0.465
208000,1,-0.726532,-234.014,0.820127,0.472
209000,2,-1.04543,-229.161,1.79499,0.483
210000,0,0.489651,-243.938,0.427701,0.346733
211000,2,-6.08103,-235.747,1.41326,0.495923
212000,1,-2.42892,-230.768,0.745835,0.428
213000,1,0.657461,-232.937,0.558493,0.48275
214000,1,0.393231,-237.447,0.601648,0.473
215000,4,-4.09622,-233.457,2.98817,0.428667
216000,1,-2.40449,-235.68,0.572792,0.482667
217000,1,1.04074,-235.62,0.415077,0.486333
218000,0,0.322501,-240.66,0.730792,0.346375
219000,1,0.0143468,-232.143,0.392956,0.4885
220000,1,-1.34818,-234.599,1.75993,0.498667
221000,0,0.650002,-240.645,0.340944,0.337667
222000,1,0.737592,-235.156,0.349322,0.471
223000,2,-0.285824,-235.408,0.904799,0.503
224000,1,0.236804,-233.509,1.16282,0.4925
225000,2,-1.91658,-235.184,1.3202,0.503
226000,1,-0.742922,-231.425,0.245104,0.490429
227000,1,-0.251595,-238.784,0.729367,0.498
228000,1,-0.670638,-235.375,1.79362,0.4725
229000,2,-3.10418,-236.583,2.76262,0.499833
230000,2,-0.0206408,-235.521,1.30842,0.504
231000,0,-0.0358349,-241.809,0.814513,0.3345
232000,0,0.327911,-242.538,0.233896,0.261
233000,0,0.249772,-240.89,0.7643,0.306
234000,1,-2.6868,-243.621,0.67234,0.358
235000,0,0.43074,-240.613,0.556847,0.366
236000,1,-4.63847,-228.88,1.27945,0.493667
237000,1,-2.45592,-231.005,0.259976,0.463
238000,1,-1.02853,-232.99,1.42506,0.48
239000,1,-2.33128,-233.988,0.44412,0.521
240000,0,0.742371,-241.016,0.0879048,0.3126
241000,0,0.634142,-243.928,0.0426101,0.306
242000,1,-0.638307,-231.093,0.475891,0.508
243000,1,-0.0369278,-232.972,1.54725,0.484333
244000,1,0.510369,-230.01,0.412517,0.360667
245000,2,-5.42404,-233.219,0.95637,0.502
246000,1,-0.0725977,-229.807,0.575086,0.501
247000,1,-0.650269,-233.481,1.21887,0.5095
248000,1,-1.26521,-234.915,1.49738,0.477
249000,1,-0.335495,-235.23,0.954805,0.464
250000,1,-0.762015,-230.307,0.719301,0.494333
251000,1,-1.29836,-229.782,0.70197,0.495375
252000,1,-0.0921683,-232.654,1.18222,0.472667
253000,1,-0.58149,-234.603,1.02994,0.490667
254000,1,-0.0145123,-229.83,0.167481,0.483
255000,1,-1.09116,-233.478,0.996016,0.4885
256000,1,0.0886114,-231.78,0.401972,0.47775
257000,2,0.308801,-232.624,1.07758,0.523
258000,1,-0.792562,-233.609,0.723351,0.495
259000,0,0.989245,-240.369,0.0538266,0.404235
260000,0,0.578364,-240.883,0.437807,0.518
261000,0,0.452438,-242.716,0.318268,0.369
262000,0,0.741503,-240.912,0.184205,0.309
263000,1,-0.945724,-233.085,1.42352,0.483444
264000,1,0.452576,-233.504,1.24315,0.49
265000,1,-0.0640489,-232.817,0.759167,0.481
266000,1,0.482168,-235.753,0.453704,0.485
267000,1,0.983333,-236.573,0.238399,0.463
268000,1,0.226673,-241.761,0.671757,0.3345
269000,0,0.497655,-241.083,0.533388,0.32
270000,0,0.631644,-242.565,0.361422,0.267
271000,1,0.448359,-231.373,0.287374,0.474385
272000,0,0.270247,-241.792,0.40292,0.3205
273000,2,-1.54296,-233.36,1.0933,0.4865
274000,0,0.494976,-240.831,0.44149,0.258
275000,2,-1.43191,-232.792,0.917576,0.5175
276000,1,0.821145,-235.698,0.112989,0.493
277000,1,-0.855626,-231.862,0.584439,0.414333
278000,2,0.577316,-230.587,0.318539,0.49
279000,2,-3.7449,-237.873,3.10026,0.482
280000,1,-1.60811,-231.557,0.307695,0.49
281000,1,1.04811,-234.339,0.562692,0.501071
282000,1,1.18923,-233.019,0.244528,0.514667
283000,1,-0.480049,-234.166,1.55965,0.5065
284000,1,0.0691957,-234.217,0.673927,0.49875
285000,1,-0.918166,-234.388,2.14771,0.4705
286000,1,-0.577541,-239.794,1.41575,0.501133
287000,2,1.52973,-233.036,0.718604,0.5018
288000,1,-0.580753,-231.712,1.0576,0.454
289000,1,0.345462,-233.481,0.903664,0.492
290000,1,-3.31051,-229.753,2.73862,0.492
291000,1,0.214256,-233.417,0.812718,0.5058
292000,1,-0.222347,-233.975,1.39347,0.515
293000,1,1.38687,-237.769,0.394993,0.492
294000,0,0.217023,-242.739,0.596627,0.399
295000,0,0.578766,-241.429,0.431607,0.292
296000,0,0.702299,-242.57,0.0691296,0.274
297000,0,0.335019,-241.38,0.478629,0.256
298000,0,-0.0245829,-240.492,0.985902,0.366154
299000,1,1.05976,-241.626,0.431479,0.318
300000,1,-3.42397,-232.434,2.21503,0.404
301000,1,-1.53703,-230.066,0.532352,0.46
302000,1,-1.68582,-233.004,0.845075,0.477
303000,0,0.897387,-240.828,0.00638324,0.422
304000,0,0.688331,-242.901,0.115314,0.355
305000,0,0.346263,-240.283,0.678173,0.387286
306000,0,0.468762,-241.537,0.553753,0.339
307000,0,-0.89448,-241.915,1.18213,0.346
308000,0,0.453503,-240.615,0.570845,0.388
309000,1,-1.85279,-232.522,1.96886,0.499235
310000,0,-0.223663,-240.448,1.23963,0.3595
311000,0,0.779501,-242.671,0.0246655,0.3
312000,1,-2.57383,-241.803,0.901594,0.332
313000,0,1.00048,-241.049,0.0246157,0.427
314000,0,0.428651,-241.486,0.588351,0.297
315000,1,-0.537133,-241.752,0.62714,0.379
316000,2,-6.41684,-229.192,2.19948,0.449813
317000,1,0.537694,-233.1,1.32937,0.492
318000,2,0.155185,-231.71,1.74829,0.541
319000,0,0.166363,-240.978,0.728238,0.33225
320000,0,0.612064,-241.572,0.160356,0.293
321000,1,-2.23826,-240.961,1.42511,0.353
322000,2,-2.99598,-234.447,1.42246,0.4905
323000,0,0.798179,-245.068,0.138742,0.344895
324000,0,0.783827,-240.633,0.207077,0.383
325000,0,0.410605,-245.433,0.376983,0.376
326000,1,-1.17216,-240.865,0.680552,0.351
327000,0,0.286138,-245.657,0.408966,0.377667
328000,0,0.615365,-244.775,0.292444,0.311
329000,1,0.977888,-230.396,0.138188,0.484857
330000,0,0.225413,-243.673,0.657649,0.36
331000,0,0.876814,-243.799,0.108199,0.3362
332000,0,-0.781394,-240.388,1.82446,0.384
333000,0,0.452831,-244.664,0.46207,0.295667
334000,0,0.87805,-241.376,0.0196455,0.28
335000,0,-4.35012e-05,-241.042,1.0202,0.318
336000,0,-0.567343,-241.83,1.1829,0.366
337000,0,0.748697,-243.13,0.221093,0.3164
338000,0,-0.919453,-240.813,1.89497,0.28
339000,1,-0.303326,-230.083,0.490201,0.4931
340000,0,-0.381105,-241.036,0.0383099,0.35425
341000,0,0.872505,-240.873,0.170731,0.329
342000,2,-0.661621,-233.075,0.53564,0.473
343000,0,0.858918,-244.774,0.0427455,0.2934
344000,1,-3.62208,-240.996,3.18223,0.323
345000,0,-0.207461,-243.848,0.83088,0.308238
346000,0,0.590486,-241.592,0.219949,0.3216
347000,0,-1.02438,-241.874,1.84024,0.304
348000,0,-0.619854,-240.583,1.56067,0.28
349000,1,0.480875,-232.336,0.669635,0.475
350000,0,0.210746,-241.633,0.755074,0.335
351000,0,0.047977,-242.477,0.69028,0.359
352000,0,0.621206,-241.752,0.233713,0.272
353000,0,0.851232,-240.742,0.054522,0.313
354000,1,-0.420321,-244.291,0.236696,0.336
355000,0,0.25907,-240.948,0.706435,0.32
356000,0,0.514054,-240.552,0.428793,0.362
357000,0,-0.0069391,-241.3,1.01461,0.339
358000,0,0.810101,-241.332,0.0161212,0.314429
359000,0,-0.515503,-243.907,0.903045,0.286
360000,0,0.661278,-242.037,0.32062,0.328571
361000,0,-0.976471,-242.301,1.76234,0.33525
362000,0,-0.128458,-243.397,0.717586,0.287
363000,0,0.231959,-241.274,0.634347,0.31
364000,0,-0.183334,-240.346,1.17977,0.323
365000,1,0.503214,-242.392,0.398098,0.3254
366000,0,0.237975,-242.067,0.732596,0.315
367000,0,0.277665,-242.765,0.753868,0.297
368000,0,-0.409562,-240.455,1.46974,0.325
369000,0,0.379299,-241.923,0.471768,0.357
370000,1,0.364402,-241.242,0.584733,0.32
371000,0,0.918461,-240.669,0.0893348,0.391
372000,2,-4.29814,-243.211,2.24205,0.3578
373000,0,0.14219,-241.371,0.847864,0.326
374000,0,0.907022,-240.887,0.123005,0.368
375000,2,-2.12255,-243.568,1.96619,0.375
376000,0,-0.438051,-240.937,1.353,0.3276
377000,1,-0.589829,-235.302,1.36382,0.406125
378000,0,0.222269,-242.375,0.628722,0.326242
379000,0,0.727549,-241.02,0.325838,0.3305
380000,0,0.70851,-241.479,0.140986,0.404
381000,1,-2.11198,-232.498,1.74958,0.46825
382000,1,0.0526595,-234.407,0.28452,0.462
383000,0,-0.319447,-241.247,1.32818,0.39025
384000,0,0.796367,-241.1,0.199778,0.325625
385000,0,-1.88283,-241.322,2.5371,0.33
386000,0,0.657181,-241.775,0.360095,0.326
387000,0,0.782762,-242.29,0.0843652,0.304
388000,0,0.637708,-242.896,0.341511,0.337875
389000,0,0.928605,-241.791,0.0895268,0.305
390000,0,-0.943362,-241.201,0.581958,0.336667
391000,0,0.089459,-241.14,0.879023,0.341
392000,0,-3.84257,-242.754,0.428958,0.372
393000,1,-0.866641,-231.462,0.864793,0.475273
394000,0,0.763849,-242.761,0.194773,0.3468
395000,0,0.578179,-242.136,0.162253,0.316
396000,0,0.306016,-242.224,0.456139,0.31825
397000,1,0.619945,-234.846,0.136444,0.486
398000,0,0.627448,-240.563,0.388468,0.343667
399000,0,-0.185643,-241.482,0.043574,0.3495
400000,0,0.825644,-243.981,0.13727,0.349
401000,1,-0.0714261,-243.295,0.287828,0.336
402000,0,0.309284,-243.336,0.607913,0.51
403000,0,0.804209,-242.202,0.223726,0.267
404000,2,-2.65361,-235.404,1.13854,0.497429
405000,1,-3.15771,-241.013,0.593051,0.3308
406000,0,0.717198,-241.793,0.191911,0.338333
407000,0,-1.28041,-241.904,1.99593,0.303
408000,0,0.770219,-240.805,0.140008,0.3525
409000,0,-0.0281011,-244.144,0.960851,0.376
410000,0,0.656173,-242.82,0.283265,0.295
411000,0,0.868523,-241.792,0.153311,0.3485
412000,0,0.664212,-242.315,0.0684953,0.292
413000,0,0.61866,-241.29,0.305975,0.337
414000,0,-1.40813,-241.552,2.14902,0.308429
415000,0,0.588984,-241.624,0.121032,0.30925
416000,0,0.0786048,-242.955,0.827345,0.311
417000,1,-0.855106,-234.769,0.403956,0.496769
418000,1,0.55567,-232.554,0.415187,0.475
419000,0,0.839028,-245.213,0.012884,0.351667
420000,0,0.494144,-242.987,0.135742,0.295
421000,0,0.106927,-240.94,0.736433,0.343375
422000,0,0.67,-241.94,0.188171,0.3105
423000,1,0.315535,-231.889,0.638733,0.487
424000,0,-0.872931,-244.406,1.59193,0.3205
425000,0,0.5502,-241.389,0.191339,0.405
426000,1,-0.0553485,-230.485,0.920075,0.482667
427000,1,-1.26669,-228.086,0.845748,0.531
428000,1,-2.25277,-232.803,2.17381,0.486
429000,0,0.0541019,-242.986,0.674278,0.309714
430000,0,0.440815,-242.101,0.579974,0.284
431000,1,-0.150239,-232.235,1.34071,0.470667
432000,1,0.613681,-233.038,0.316038,0.475
433000,2,-2.15363,-236.085,2.54343,0.501
434000,2,-0.813902,-236.493,1.91621,0.456
435000,2,-0.445722,-233.787,0.836055,0.487
436000,1,0.738001,-233.057,0.272821,0.483
437000,1,0.723256,-237.332,0.832334,0.506
438000,0,0.158182,-243.412,0.633983,0.366
439000,1,-0.279006,-233.57,1.11126,0.437
440000,0,0.0194474,-242.839,0.710605,0.426789
441000,0,-0.0870818,-240.555,1.09644,0.378
442000,1,-0.0638434,-231.374,1.44087,0.471667
443000,1,-0.157405,-235.657,1.31426,0.486
444000,1,-6.01325,-230.061,0.979548,0.475
445000,1,0.144534,-231.776,0.804622,0.457
446000,0,-0.658216,-244.212,0.960298,0.420714
447000,1,-0.836483,-230.339,0.782788,0.4725
448000,1,-1.98449,-230.345,1.60998,0.512
449000,2,-3.6559,-235.786,1.41692,0.444
450000,0,0.972466,-241.91,0.0535853,0.3295
451000,0,0.94233,-241.272,0.0136002,0.332
452000,1,-0.0209426,-232.396,0.494821,0.382833
453000,1,0.0117695,-235.302,1.16303,0.473
454000,1,-1.98216,-229.118,1.91661,0.418692
455000,1,-3.16229,-229.499,0.835207,0.49
456000,1,0.685154,-235.343,0.61073,0.494
457000,1,-1.40537,-234.425,1.25051,0.495
458000,0,0.613037,-241.543,0.177302,0.341889
459000,0,0.41804,-244.505,0.0443274,0.297
460000,0,-0.0562456,-242.175,0.774766,0.266
461000,2,-3.16559,-229.409,2.2446,0.485143
462000,2,-6.34723,-232.041,1.7665,0.497
463000,3,-8.56334,-233.436,0.295568,0.523
464000,0,0.678431,-242.885,0.234664,0.27825
465000,0,0.627913,-244.66,0.402418,0.304
466000,1,0.594538,-231.985,0.707171,0.499
467000,1,0.254347,-232.815,1.01968,0.452
468000,2,-1.14767,-229.887,1.41101,0.462
469000,1,0.986805,-231.735,0.333377,0.503
470000,0,1.00547,-244.132,0.0818732,0.3424
471000,0,0.930729,-240.894,0.0288136,0.454
472000,0,0.368509,-240.637,0.681806,0.396
473000,0,-0.0263865,-243.033,0.619574,0.306
474000,0,-0.0696864,-244.311,0.54817,0.362
475000,1,-0.560555,-230.515,1.86862,0.492667
476000,1,-1.1505,-240.365,0.554148,0.494895
477000,1,0.287598,-233.232,0.57904,0.518
478000,2,-1.56181,-232.393,2.20939,0.482
479000,1,0.711715,-235.658,0.140202,0.49125
480000,1,-0.1165,-231.373,1.65772,0.497
481000,1,-0.506637,-228.338,0.367314,0.462433
482000,3,-0.113232,-231.252,1.82715,0.512
483000,1,0.391658,-232.905,1.08156,0.525
484000,1,-1.5636,-233.743,2.3509,0.491
485000,1,-0.0297176,-235.223,1.03868,0.477
486000,1,-1.24398,-233.033,0.502674,0.50525
487000,0,-0.121694,-241.926,1.11711,0.338077
488000,0,0.539226,-242.107,0.477302,0.347
489000,1,-2.06461,-233.875,1.25314,0.51025
490000,1,-2.84724,-232.748,1.2134,0.536
491000,1,-1.14913,-234.075,0.841969,0.478
492000,0,0.550211,-241.265,0.411164,0.32575
493000,1,-1.14035,-242.032,0.0217838,0.354
494000,1,-6.15539,-229.216,0.596156,0.4775
495000,1,0.824393,-231.1,0.470543,0.476
496000,1,0.198708,-232.742,0.875948,0.516
497000,1,0.196276,-230.819,0.547913,0.483
498000,1,0.0701381,-232.904,0.767825,0.511
499000,1,-1.33745,-230.858,1.92117,0.452
500000,1,0.604227,-231.94,0.547545,0.454
501000,1,-1.18944,-229.082,1.62953,0.447
502000,2,-2.3414,-232.449,0.582181,0.532
503000,1,0.224081,-233.253,0.586854,0.477
504000,1,0.188403,-231.599,0.922914,0.481
505000,1,-1.54443,-231.941,1.12416,0.449
506000,1,-1.08925,-231.009,1.03397,0.489
507000,3,-8.04597,-235.871,5.41662,0.48
508000,1,-1.56002,-231.537,0.285911,0.495
509000,0,0.0672354,-241.151,0.748294,0.39069
510000,0,0.590128,-240.907,0.323843,0.308
511000,0,0.173806,-243.002,0.656211,0.331
512000,0,-0.74081,-242.905,1.32867,0.277
513000,0,-0.0981454,-241.488,1.14572,0.39
514000,0,0.980523,-241.287,0.0237077,0.364
515000,1,-4.21877,-226.866,1.99174,0.486714
516000,0,0.908333,-241.227,0.0657457,0.335
517000,0,-0.720521,-244.525,1.62681,0.374308
518000,0,0.591686,-240.801,0.303148,0.34388
519000,0,0.997104,-240.701,0.0080987,0.3245
520000,1,-2.70346,-230.353,0.563382,0.4692
521000,0,-0.134788,-243.178,0.559103,0.32
522000,2,-2.59864,-229.151,1.01153,0.491
523000,0,0.594037,-241.725,0.120876,0.3215
524000,0,-0.870958,-240.738,1.85288,0.303
525000,2,-0.373816,-231.953,0.492491,0.486333
526000,1,0.729846,-235.34,1.18324,0.485
527000,0,0.523058,-241.366,0.391644,0.338444
528000,0,0.980935,-240.249,0.0661075,0.384
529000,0,0.890813,-241.414,0.137916,0.324
530000,0,0.150135,-240.452,0.818852,0.347
531000,0,-0.512337,-240.755,1.56477,0.35
532000,1,-1.89165,-230.363,2.38964,0.466
533000,0,0.878755,-242.211,0.0304443,0.298333
534000,0,0.344204,-241.393,0.685155,0.317
535000,2,-3.51749,-232.073,2.6997,0.472333
536000,1,-1.31947,-233.045,1.65204,0.515
537000,1,0.323822,-232.474,1.01418,0.471
538000,1,0.51625,-230.183,0.994643,0.461
539000,2,-4.08086,-229.506,1.86563,0.498
540000,1,-0.555955,-233.412,0.919158,0.462
541000,1,-3.00952,-232.443,1.03307,0.455
542000,0,0.580715,-241.741,0.143692,0.29125
543000,0,0.323707,-242.304,0.337426,0.326308
544000,0,0.816412,-242.811,0.136569,0.242
545000,0,-0.313795,-242.347,1.11476,0.368
546000,1,1.10397,-233.431,0.308413,0.483
547000,0,0.283725,-243.69,0.206633,0.29225
548000,0,0.0750301,-242.041,0.598585,0.319667
549000,0,0.192057,-241.152,0.673064,0.2565
550000,0,-0.518638,-242.117,1.32923,0.2835
551000,0,-0.17552,-246.054,0.477178,0.373
552000,0,-0.143846,-246.177,0.533131,0.325
553000,0,0.677019,-243.578,0.086979,0.287
554000,0,-0.102634,-241.791,0.900624,0.254
555000,0,1.05875,-240.555,0.00178105,0.276
556000,0,0.488416,-240.732,0.436221,0.3152
557000,0,-0.30107,-240.974,1.17343,0.3285
558000,0,0.486191,-242.005,0.289396,0.28
559000,0,0.314763,-242.089,0.405032,0.315
560000,0,0.509446,-243.633,0.390083,0.263
561000,0,-0.217048,-241.633,1.09798,0.346
562000,0,-2.41543,-242.235,1.24773,0.349
563000,1,-0.125756,-242.83,1.59766,0.349
564000,0,-0.383909,-242.329,1.26864,0.406711
565000,0,0.347287,-240.569,0.601616,0.305
566000,0,0.751615,-241.035,0.274785,0.313
567000,1,-1.25147,-237.506,0.696357,0.491714
568000,0,-2.57317,-241.088,3.61643,0.367429
569000,0,0.662554,-243.33,0.329202,0.289667
570000,1,0.0964262,-234.998,0.315857,0.506667
571000,1,0.585333,-233.653,1.0479,0.475
572000,0,0.330276,-242.134,0.731616,0.335667
573000,1,0.911557,-232.985,0.358177,0.491
574000,1,-1.10159,-231.858,2.43015,0.487
575000,1,0.783717,-233.282,0.641538,0.512
576000,0,0.354755,-243.12,0.671085,0.352917
577000,0,-0.743878,-241.479,0.119214,0.399
578000,0,0.772309,-242.479,0.191461,0.359333
579000,0,0.816422,-240.547,0.151391,0.301
580000,0,0.391623,-240.863,0.552236,0.341
581000,0,0.589089,-241.033,0.36077,0.345
582000,0,0.775332,-240.778,0.113801,0.292
583000,0,0.110786,-242.369,0.368939,0.327625
584000,0,0.414464,-242.577,0.0515088,0.333
585000,0,-0.795572,-242.866,1.39346,0.358176
586000,0,0.445168,-241.761,0.30044,0.286
587000,1,1.23701,-233.722,0.0692729,0.4164
588000,1,-0.592853,-229.716,0.198768,0.456
589000,0,0.749075,-242.055,0.240913,0.3438
590000,0,0.248541,-241.818,0.758004,0.292
591000,1,-0.997047,-238.547,0.902614,0.484
592000,1,-1.72551,-231.668,1.56906,0.494
593000,1,-0.59872,-234.774,1.13695,0.422429
594000,1,-2.66799,-231.743,2.03899,0.465
595000,1,-1.87633,-231.18,0.74753,0.386
596000,1,-0.247465,-229.694,0.00923008,0.489
597000,1,-0.470729,-230.395,0.701842,0.465062
598000,1,-4.32567,-232.707,5.34164,0.469
599000,3,-1.47686,-235.133,3.61132,0.48
600000,1,-2.9704,-236.04,1.8481,0.484286
601000,1,-2.34164,-228.191,0.589038,0.496
602000,1,0.0517868,-233.452,0.309959,0.47025
603000,1,0.597466,-237.214,0.950845,0.4746
604000,1,-0.275595,-234.376,1.16884,0.457
605000,1,-1.50537,-230.593,0.67529,0.492
606000,1,0.0142075,-235.796,0.358388,0.467
607000,1,-0.605691,-230.947,0.0599904,0.45
608000,2,-0.00674033,-232.754,1.88719,0.48175
609000,1,-4.39493,-233.937,0.973981,0.481
610000,2,-4.16145,-230.248,2.25085,0.516
611000,1,-1.68162,-235.024,2.63533,0.466
612000,1,0.907284,-235.346,0.45284,0.472
613000,1,-1.37333,-235.738,0.889771,0.507
614000,1,-2.9459,-231.717,0.784828,0.442
615000,1,-1.13257,-232.52,1.42586,0.488
616000,2,-2.5129,-234.698,2.33174,0.515
617000,1,0.263342,-231.592,0.317014,0.471833
618000,1,-2.44469,-236.315,1.64229,0.484
619000,1,0.602157,-235.494,0.430301,0.443
620000,1,-0.414742,-230.44,0.938523,0.50575
621000,1,0.354192,-229.738,0.907985,0.486
622000,1,-0.936133,-230.119,2.46055,0.464
623000,1,-2.59881,-231.594,0.324481,0.46
624000,2,0.477774,-231.302,0.905226,0.5084
625000,2,-3.67585,-231.841,1.01456,0.509
626000,1,-0.485114,-230.324,0.891792,0.481
627000,0,0.895089,-241.053,0.13811,0.4596
628000,1,0.367788,-241.854,1.57924,0.489
629000,0,0.408313,-242.401,0.345058,0.440833
630000,0,0.98418,-240.633,0.045033,0.3575
631000,1,-3.25803,-232.142,1.04145,0.498
632000,0,0.0700623,-240.487,0.902914,0.3355
633000,0,0.722953,-242.972,0.245472,0.305
634000,1,-1.88837,-230.121,1.30159,0.488
635000,1,0.0355183,-231.309,0.143865,0.45
636000,1,-2.65898,-228.94,0.925956,0.446
637000,0,0.645379,-241.18,0.234017,0.332125
638000,1,-0.67154,-235.896,1.57231,0.488143
639000,1,0.707193,-238.588,0.30515,0.478
640000,1,-1.3706,-229.909,1.26583,0.509
641000,1,0.937512,-234.003,0.704945,0.509
642000,2,-1.92792,-234.208,1.00246,0.556
643000,1,-2.88787,-233.49,2.65337,0.487286
644000,1,-1.85179,-233.671,1.24028,0.478
645000,0,-0.205951,-242.625,1.17102,0.3115
646000,0,0.056857,-240.945,0.819079,0.295
647000,2,-3.08136,-232.087,1.18607,0.491667
648000,1,-4.11943,-229.691,0.920576,0.45
649000,1,-0.695079,-227.659,0.701446,0.447
650000,0,-0.267114,-246.79,1.29319,0.32675
651000,0,0.539198,-241.467,0.143806,0.385
652000,0,0.941176,-240.647,0.092843,0.323933
653000,1,-0.48817,-232.127,0.360384,0.439
654000,0,-2.63812,-241.04,2.11145,0.3185
655000,1,0.683461,-232.938,0.294349,0.506667
656000,1,0.91074,-232.88,0.575894,0.469
657000,1,-1.91111,-232.319,0.651652,0.515
658000,1,-1.44688,-229.112,1.36445,0.4902
659000,1,-0.55505,-231.903,1.85735,0.5
660000,3,-0.440915,-233.536,1.01177,0.507
661000,2,-2.15374,-231.76,2.51178,0.523
662000,2,-0.797789,-227.592,0.448207,0.498
663000,2,-2.23229,-230.521,0.948474,0.468
664000,2,-1.96468,-231.166,1.12795,0.4654
665000,1,-1.45411,-233.523,2.47553,0.470375
666000,3,-2.63605,-232.666,2.9385,0.496333
667000,1,0.692801,-233.66,0.191459,0.4825
668000,1,-0.5717,-235.352,1.42484,0.4465
669000,1,-1.3083,-240.807,0.284592,0.479
670000,1,0.75094,-235.366,0.95458,0.472
671000,0,0.670616,-240.666,0.315963,0.414
672000,0,0.815609,-240.671,0.0977672,0.312
673000,1,0.785446,-240.565,1.06162,0.449167
674000,1,-1.48054,-229.374,1.13757,0.457
675000,1,-1.21492,-229.574,1.34873,0.492
676000,1,0.388582,-233.827,0.994082,0.45
677000,1,-1.43232,-231.085,0.872966,0.476
678000,1,0.897451,-234.622,0.441181,0.487889
679000,1,1.18213,-235.847,0.33814,0.533
680000,1,1.14096,-233.837,0.531221,0.53
681000,1,-0.190132,-234.258,0.292151,0.487897
682000,1,-0.461812,-236.259,1.04451,0.485
683000,2,-5.06237,-229.708,3.33446,0.489167
684000,1,-0.510217,-233.398,1.21093,0.521
685000,1,0.911424,-233.238,0.602518,0.485
686000,1,-0.381067,-229.877,0.858602,0.52
687000,1,0.493747,-230.852,0.180785,0.484857
688000,1,0.297942,-230.424,1.33693,0.482
689000,1,1.44617,-234.56,0.235987,0.487
690000,1,1.15158,-235.131,0.621457,0.462
691000,0,0.488164,-244.182,0.177831,0.425
692000,0,0.911173,-241.019,0.00908311,0.252
693000,1,-1.52935,-233.257,0.982916,0.477429
694000,1,0.385601,-233.279,0.597609,0.49625
695000,1,-0.495613,-233.28,0.330333,0.425739
696000,1,-0.300968,-230.31,1.43885,0.524
697000,1,-0.793659,-232.867,1.35848,0.484
698000,1,-1.10751,-233.691,2.43147,0.457
699000,1,-0.563478,-231.483,0.449213,0.451
700000,1,0.0872453,-234.113,0.391415,0.492
701000,1,0.0662469,-233.455,0.101254,0.449
702000,1,0.10833,-234.954,1.36916,0.497
703000,1,-0.283271,-231.129,1.64015,0.49
704000,0,0.319192,-241.748,0.463228,0.3465
705000,2,-2.02127,-229.756,1.07575,0.529
706000,1,-0.141449,-233.328,0.4568,0.495
707000,1,-0.590069,-236.118,1.33884,0.495
708000,1,-1.67104,-230.309,0.301236,0.527
709000,0,-1.32693,-241.994,0.299723,0.444063
710000,0,0.707571,-246.071,0.247743,0.368
711000,1,-0.130791,-234.663,0.390711,0.494667
712000,1,-1.1213,-236.688,1.95926,0.484
713000,1,-0.903841,-231.816,2.17989,0.501
714000,0,0.876872,-241.214,0.196609,0.3606
715000,0,0.423699,-240.851,0.498185,0.322174
716000,0,0.982833,-241.038,0.0198068,0.340833
717000,0,0.43894,-242.674,0.225382,0.302
718000,1,-0.490107,-231.606,0.245391,0.396
719000,0,0.915584,-240.817,0.028984,0.3222
720000,0,0.0640129,-240.89,0.0109921,0.326
721000,0,0.585119,-242.566,0.418132,0.356
722000,1,-0.910988,-233.66,1.12497,0.48125
723000,1,-0.689617,-232.384,1.67302,0.468
724000,1,0.345995,-232.485,0.333691,0.493
725000,1,-0.708122,-232.746,0.967417,0.499
726000,0,0.407339,-243.604,0.432632,0.313545
727000,1,-1.35657,-230.437,0.177472,0.496
728000,1,-2.96605,-228.991,2.05412,0.484
729000,1,-0.704062,-232.59,0.517886,0.4325
730000,1,-2.38186,-236.855,2.63414,0.479
731000,0,0.600825,-243.238,0.0778465,0.3632
732000,1,-2.10983,-239.715,1.87447,0.344917
733000,0,-0.126638,-242.432,0.90654,0.472
734000,0,0.135593,-242.53,0.684926,0.276
735000,0,0.664865,-240.507,0.299992,0.301
736000,1,0.0433674,-234.739,1.0802,0.47375
737000,0,0.517242,-241.304,0.51004,0.389
738000,0,0.817969,-240.734,0.171946,0.329
739000,0,0.893997,-246.393,0.00329459,0.339
740000,0,-1.5722,-241.135,1.50967,0.349
741000,1,-0.66207,-241.963,0.704937,0.3065
742000,0,0.408242,-244.439,0.498005,0.412083
743000,0,0.536746,-245.888,0.248903,0.336
744000,0,0.435404,-242.6,0.398892,0.314
745000,0,0.708962,-240.991,0.233748,0.382
746000,0,0.173231,-243.934,0.5609,0.313
747000,0,0.994641,-241.116,0.00590178,0.36
748000,0,0.561052,-241.696,0.211509,0.347706
749000,0,0.435051,-240.676,0.550008,0.33
750000,0,0.478141,-240.747,0.460512,0.283833
751000,1,0.0602214,-233.339,1.36306,0.413545
752000,3,-0.492275,-231.927,0.91399,0.546
753000,0,0.615118,-245.759,0.298192,0.326833
754000,1,-1.65761,-234.729,0.500999,0.4
755000,1,-0.282715,-232.967,0.586499,0.501333
756000,0,0.153647,-242.391,0.726108,0.438
757000,0,0.482225,-242.987,0.310199,0.399667
758000,0,0.550997,-242.996,0.15584,0.299
759000,0,0.897375,-240.833,0.0760368,0.3282
760000,0,0.747187,-241.123,0.217561,0.31
761000,1,0.748965,-232.676,0.320667,0.334
762000,0,0.189999,-242.354,0.651906,0.349
763000,0,0.790149,-241.232,0.217608,0.323
764000,0,0.717336,-242.068,0.147389,0.321333
765000,0,-0.57477,-248.506,0.82699,0.312
766000,1,-2.04619,-241.591,3.42067,0.3668
767000,1,0.85585,-242.973,0.51133,0.306
768000,0,-1.78079,-240.933,2.79455,0.352
769000,0,-0.0740307,-241.163,0.94889,0.341
770000,0,0.845777,-242.4,0.176201,0.295
771000,0,0.123975,-242.334,0.494664,0.311125
772000,0,1.01364,-240.414,0.0436434,0.3505
773000,0,1.01008,-241.479,0.00825554,0.351
774000,0,0.282882,-241.937,0.392733,0.301
775000,0,0.723104,-242.601,0.223498,0.349
776000,0,0.62054,-241.496,0.100554,0.309
777000,0,0.905694,-241.173,0.0668297,0.274
778000,0,0.595936,-240.602,0.346405,0.305571
779000,0,0.374958,-242.383,0.236028,0.296
780000,0,0.584365,-242.606,0.378078,0.331667
781000,0,0.159102,-245.311,0.0663251,0.3075
782000,0,-0.644444,-244.938,0.928572,0.277
783000,0,0.699534,-241.898,0.023947,0.288
784000,0,0.392384,-241.394,0.598805,0.285
785000,0,-1.59818,-242.467,0.761686,0.348
786000,0,0.36809,-241.232,0.423873,0.319625
787000,0,-0.393572,-242.605,1.17952,0.298
788000,0,0.878076,-241.133,0.0933923,0.3085
789000,0,0.072265,-241.202,0.681771,0.36825
790000,2,-1.65785,-237.288,1.73099,0.467433
791000,0,-0.12512,-240.88,1.07196,0.329667
792000,0,0.139054,-242.256,0.637253,0.277
793000,0,0.259004,-245.202,0.526375,0.303
794000,1,0.0164525,-240.55,0.908351,0.5075
795000,2,-3.68247,-229.41,1.47303,0.502
796000,1,0.534828,-229.95,0.332807,0.452
797000,0,0.23936,-243.673,0.45034,0.2815
798000,0,0.491267,-245.206,0.425093,0.402
799000,0,0.647644,-241.168,0.211727,0.308833
800000,0,0.369398,-242.817,0.521864,0.265
801000,0,0.0826723,-240.716,0.941324,0.304
802000,0,0.213798,-245.152,0.0391554,0.308077
803000,0,0.29735,-243.123,0.238689,0.25
804000,0,0.841072,-241.439,0.0287103,0.317
805000,1,0.364914,-230.756,0.0866688,0.487556
806000,0,0.818291,-241.294,0.19293,0.318333
807000,0,-1.41834,-240.766,2.41357,0.302
808000,0,0.599684,-240.862,0.395731,0.3
809000,1,0.917353,-232.217,0.668726,0.468545
810000,1,-3.05643,-230.794,0.984499,0.463
811000,1,-1.37946,-230.155,0.385548,0.492
812000,0,0.782308,-241.179,0.0631115,0.31575
813000,0,1.01662,-242.121,0.00288583,0.328
814000,0,-0.0301145,-242.62,0.847373,0.3145
815000,0,-1.04121,-248.172,1.7267,0.254
816000,0,0.757112,-241.55,0.026809,0.335667
817000,0,0.498266,-241.048,0.435508,0.375583
818000,0,0.834393,-240.663,0.0850466,0.337
819000,2,-2.67953,-232.374,1.81716,0.490875
820000,1,0.12046,-231.385,0.75349,0.513
821000,0,0.704535,-240.768,0.187619,0.379167
822000,0,0.666465,-241.978,0.174151,0.351
823000,0,0.400123,-243.972,0.0648679,0.325
824000,1,0.5783,-232.152,1.03913,0.46525
825000,0,0.495165,-242.986,0.211194,0.308556
826000,0,-0.303207,-241.536,0.467192,0.326667
827000,0,0.630586,-241.283,0.129694,0.329
828000,0,0.478068,-243.328,0.395214,0.385
829000,0,-0.973462,-244.942,1.33952,0.298091
830000,0,0.761772,-244.365,0.0319598,0.251
831000,0,0.607012,-240.704,0.362062,0.301
832000,1,-0.300016,-242.61,0.556406,0.427
833000,1,-0.817578,-231.147,0.779527,0.478111
834000,2,-3.60689,-232.395,3.34499,0.482
835000,0,0.0184923,-242.184,0.581997,0.325
836000,1,-0.384428,-232.448,0.480134,0.4925
837000,0,0.68703,-241.036,0.251502,0.324143
838000,0,0.703844,-244.151,0.0266354,0.285
839000,0,0.487541,-240.907,0.437732,0.3465
840000,0,0.808546,-241.315,0.111508,0.315
841000,0,-0.341702,-241.032,1.2232,0.293
842000,1,0.1229,-231.568,0.379145,0.4875
843000,1,-0.348292,-233.714,0.303162,0.468
844000,1,-4.19699,-228.128,1.12713,0.476
845000,1,0.683214,-233.658,0.042331,0.495
846000,0,-0.399424,-243.555,0.882028,0.2918
847000,1,-2.03201,-241.913,1.12277,0.341
848000,0,-0.460335,-243.952,0.817404,0.345
849000,0,-2.39396,-241.233,0.868024,0.300176
850000,0,0.692004,-241.017,0.165776,0.3285
851000,0,0.197818,-241.778,0.571116,0.264
852000,1,-3.87866,-235.404,1.97177,0.486143
853000,1,0.609309,-230.869,0.157214,0.45
854000,1,-4.17208,-227.807,1.23854,0.476
855000,1,1.23637,-231.704,0.176393,0.479
856000,1,-0.931855,-232.506,1.18823,0.497
857000,1,-0.0240796,-232.301,0.592468,0.456
858000,0,0.332065,-242.032,0.38172,0.335667
859000,0,0.596383,-241.838,0.220943,0.290375
860000,1,0.806766,-237.416,1.04609,0.353091
861000,0,0.308886,-242.909,0.672485,0.316333
862000,1,-0.502456,-232.463,1.03917,0.501
863000,1,-0.764792,-231.036,1.06947,0.506
864000,1,-2.06903,-230.268,1.63536,0.48
865000,1,-0.148016,-232.241,1.09424,0.525
866000,1,-0.68366,-236.736,1.87322,0.463
867000,0,0.856856,-242.857,0.00885305,0.3135
868000,2,-1.92463,-228.724,0.762914,0.491333
869000,1,-4.83366,-231.344,2.26027,0.475
870000,1,0.283324,-233.124,0.350345,0.489
871000,1,-1.1059,-239.354,0.249773,0.488
872000,2,-0.000305963,-225.937,0.779624,0.488
873000,1,0.0374803,-234.158,1.09719,0.4935
874000,0,0.511412,-241.843,0.225095,0.325462
875000,2,-2.66782,-232.622,0.952109,0.484667
876000,1,0.029496,-231.194,0.888361,0.514
877000,0,0.876959,-241.974,0.0221245,0.334
878000,0,0.74445,-242.076,0.272488,0.324273
879000,1,-1.25627,-230.722,3.06539,0.488167
880000,1,-2.75646,-228.054,1.38256,0.473
881000,3,-5.01362,-236.915,2.91814,0.509
882000,0,0.392372,-242.848,0.550055,0.32425
883000,1,-0.392153,-240.54,1.4596,0.492857
884000,1,-0.0894795,-230.043,1.05818,0.485
885000,1,-2.48734,-231.322,2.81752,0.469
886000,1,-3.77729,-230.319,0.578743,0.471
887000,1,-5.81569,-237.079,1.25539,0.497833
888000,0,0.20958,-242.262,0.593055,0.333455
889000,0,-0.456631,-242.263,1.06976,0.300571
890000,1,-2.82292,-230.827,0.979584,0.48375
891000,2,-2.58612,-231.81,1.71711,0.545
892000,1,0.731923,-232.341,0.92877,0.496
893000,1,-1.48872,-229.602,1.42116,0.494
894000,0,0.646522,-241.489,0.0917363,0.2946
895000,1,-3.67231,-228.218,3.37436,0.493
896000,1,-3.4732,-232.007,1.39399,0.497
897000,1,-1.50833,-233.607,1.77833,0.4885
898000,2,-2.50873,-228.004,0.74407,0.47
899000,1,-4.27048,-234.584,1.90756,0.517
900000,2,-0.306425,-233.909,1.78724,0.497
901000,1,1.24941,-233.62,0.366949,0.4824
902000,1,-1.47758,-230.068,0.598641,0.359786
903000,0,0.442169,-241.294,0.369975,0.313333
904000,1,-2.85716,-232.954,1.24115,0.468
905000,1,1.06997,-231.181,0.177508,0.4826
906000,1,-2.68774,-228.878,0.786578,0.5
907000,1,0.894796,-232.453,0.877109,0.518
908000,2,-4.02888,-230.153,2.03979,0.524
909000,1,-4.13398,-234.383,1.47097,0.485
910000,1,-2.0286,-230.193,0.935327,0.477
911000,1,0.0910122,-235.764,1.47553,0.478
912000,2,2.07301,-234.765,0.385071,0.496545
913000,3,-0.445596,-234.75,1.8227,0.569
914000,1,-0.749085,-232.208,1.79737,0.482444
915000,1,0.98668,-235.243,0.504542,0.46
916000,1,1.23918,-231.734,0.566011,0.506
917000,1,-0.786333,-232.219,0.657944,0.368929
918000,2,-0.955121,-229.976,0.945305,0.5285
919000,1,-4.22198,-231.075,0.314405,0.490875
920000,1,1.08147,-233.656,0.271451,0.504
921000,1,-1.7048,-232.706,0.858624,0.488333
922000,1,-3.41535,-228.452,2.48211,0.475
923000,2,0.333102,-234.456,0.924591,0.499833
924000,2,-4.97441,-232.202,2.98822,0.538
925000,4,-10.175,-235.938,1.38165,0.49375
926000,1,-0.638723,-228.709,1.46449,0.506
927000,1,-2.36675,-229.824,0.62321,0.506286
928000,1,-0.0543588,-232.086,0.255877,0.491333
929000,1,0.209597,-232.652,1.16902,0.489
930000,1,1.12974,-231.35,0.536115,0.486
931000,1,-1.77595,-231.398,0.813388,0.48
932000,1,-1.32862,-235.574,1.05434,0.48275
933000,1,0.121638,-231.87,0.882371,0.455
934000,1,0.0107044,-234.385,0.858714,0.5075
935000,1,-0.128968,-231.271,0.872082,0.47625
936000,1,-1.51092,-230.805,0.615408,0.484
937000,1,0.204794,-233.824,0.934198,0.522
938000,1,-0.773196,-232.229,0.607611,0.494083
939000,1,-2.52286,-227.869,0.668941,0.46
940000,1,-3.21467,-233.816,2.06092,0.458
941000,1,-12.0033,-226.449,4.99724,0.481
942000,1,-4.73849,-232.585,0.68649,0.449
943000,1,-2.22816,-230.592,0.585825,0.5055
944000,1,-4.06979,-229.37,1.06982,0.4793
945000,2,-1.42183,-231.579,1.84184,0.485333
946000,2,-5.50522,-232.775,0.460119,0.467
947000,1,-1.14633,-233.975,2.70275,0.492
948000,1,0.506692,-236.142,1.12615,0.501
949000,1,0.407594,-233.048,0.817859,0.491
950000,2,-1.68516,-229.964,0.97027,0.499
951000,1,-1.83474,-231.973,0.669386,0.495867
952000,0,0.715293,-242.44,0.180137,0.481
953000,0,0.731359,-241.811,0.0293536,0.38
954000,0,0.749554,-241.073,0.288339,0.419
955000,2,0.36726,-234.26,0.620648,0.487556
956000,2,-0.847253,-229.946,1.573,0.513
957000,1,-0.390227,-240.364,1.12093,0.389333
958000,1,-0.0382717,-231.747,0.422208,0.469143
959000,1,-2.22977,-229.132,1.7354,0.474187
960000,1,-1.66999,-228.093,1.24258,0.462
961000,1,0.697892,-235.412,0.459503,0.5002
962000,1,-0.295711,-237.185,1.2305,0.499
963000,1,-1.42904,-234.395,0.775247,0.4944
964000,1,-0.0437347,-229.989,0.640837,0.48
965000,1,-0.418487,-236.296,0.879097,0.485
966000,1,0.791567,-232.634,0.781611,0.484
967000,2,-1.62426,-233.017,2.36399,0.526
968000,2,1.36546,-229.408,0.412058,0.545
969000,0,0.759585,-241.571,0.144753,0.456429
970000,1,-0.420818,-231.323,0.457141,0.46
971000,1,0.622596,-232.891,1.0949,0.481
972000,0,-0.227789,-242.77,0.762316,0.313733
973000,1,0.510134,-231.665,0.354022,0.4985
974000,1,0.0908691,-228.543,0.42079,0.54
975000,1,-1.05812,-232.161,1.41053,0.489
976000,1,-0.374995,-232.422,0.501669,0.466
977000,1,0.856077,-235.573,0.433234,0.486
978000,1,-0.233872,-237.106,1.60156,0.522
979000,1,0.688679,-234.759,1.22547,0.494889
980000,0,0.996548,-240.763,0.0221411,0.282625
981000,0,0.181856,-241.311,0.507848,0.365083
982000,0,0.0904863,-241.635,0.309824,0.344
983000,1,-2.11703,-232.685,3.14761,0.4916
984000,1,-3.34774,-230.564,0.435049,0.471
985000,1,0.350945,-231.805,0.94764,0.498
986000,0,0.722449,-240.533,0.23593,0.343
987000,0,-1.29228,-242.013,2.02051,0.294
988000,0,0.277088,-244.178,0.358973,0.247
989000,0,0.166075,-241.041,0.668703,0.271
990000,1,-0.855652,-229.813,0.532551,0.5126
991000,0,0.739328,-241.022,0.216879,0.308
992000,1,0.0174319,-231.804,0.780181,0.494385
993000,1,-0.613104,-231.219,0.906581,0.49
994000,0,0.636616,-242.396,0.219399,0.29
995000,0,0.192804,-240.66,0.870937,0.315
996000,0,-0.0242299,-242.273,0.743064,0.31
997000,0,-1.0475,-240.728,1.97212,0.3085
998000,0,0.547382,-241.712,0.28185,0.332444
999000,0,0.550112,-242.365,0.0785366,0.338
