generation,rank_1,rank_2,swapAccepted
1000,2,4,1
2000,2,4,1
3000,1,4,1
4000,1,2,1
5000,1,4,1
6000,3,4,1
7000,3,4,1
8000,2,3,1
9000,2,4,1
10000,2,4,1
11000,1,3,1
12000,3,4,1
13000,3,4,1
14000,1,3,1
15000,1,3,1
16000,2,3,1
17000,1,2,1
18000,1,2,1
19000,2,4,1
20000,1,3,1
21000,2,4,1
22000,1,4,1
23000,1,4,1
24000,1,3,1
25000,1,2,1
26000,2,4,1
27000,1,4,1
28000,2,3,1
29000,1,3,1
30000,1,2,1
31000,1,3,1
32000,1,3,1
33000,2,3,1
34000,1,4,0
35000,2,4,1
36000,1,4,1
37000,2,3,0
38000,3,4,1
39000,2,4,1
40000,2,3,1
41000,3,4,1
42000,1,4,1
43000,2,4,0
44000,2,4,1
45000,1,4,1
46000,1,3,1
47000,2,4,1
48000,1,3,1
49000,1,3,1
50000,1,2,1
51000,3,4,1
52000,2,3,1
53000,1,2,1
54000,2,4,1
55000,1,4,1
56000,1,2,1
57000,3,4,1
58000,1,4,0
59000,3,4,1
60000,1,3,1
61000,1,3,1
62000,1,4,0
63000,2,4,1
64000,3,4,1
65000,2,3,1
66000,1,2,1
67000,2,3,1
68000,3,4,0
69000,3,4,1
70000,2,3,1
71000,3,4,1
72000,2,3,1
73000,3,4,1
74000,1,3,1
75000,1,2,1
76000,3,4,1
77000,3,4,1
78000,1,4,1
79000,1,3,1
80000,3,4,1
81000,1,3,1
82000,2,4,1
83000,3,4,1
84000,2,4,1
85000,1,3,0
86000,1,3,1
87000,2,3,1
88000,3,4,1
89000,1,3,1
90000,2,4,1
91000,3,4,1
92000,1,2,1
93000,3,4,1
94000,3,4,1
95000,1,2,1
96000,1,3,1
97000,2,3,1
98000,1,2,0
99000,2,3,1
100000,1,4,1
101000,2,4,1
102000,2,3,1
103000,3,4,1
104000,1,2,1
105000,2,3,1
106000,2,4,1
107000,1,4,1
108000,2,4,1
109000,1,3,1
110000,1,2,1
111000,2,3,1
112000,1,4,1
113000,3,4,1
114000,3,4,1
115000,2,3,1
116000,3,4,1
117000,3,4,1
118000,2,4,1
119000,2,3,1
120000,2,4,1
121000,1,3,1
122000,3,4,1
123000,2,3,1
124000,3,4,1
125000,1,3,1
126000,1,3,1
127000,1,2,1
128000,3,4,1
129000,3,4,1
130000,1,2,0
131000,1,3,1
132000,1,3,1
133000,1,4,1
134000,1,4,1
135000,1,4,1
136000,1,3,1
137000,3,4,1
138000,3,4,1
139000,1,4,0
140000,1,4,1
141000,3,4,1
142000,1,2,1
143000,2,4,1
144000,1,2,1
145000,1,3,1
146000,1,2,1
147000,3,4,1
148000,2,3,1
149000,3,4,0
150000,2,3,1
151000,1,3,1
152000,1,2,1
153000,1,3,0
154000,2,4,1
155000,1,4,1
156000,2,4,1
157000,1,3,1
158000,1,2,1
159000,3,4,1
160000,1,4,1
161000,2,4,1
162000,2,3,1
163000,1,3,1
164000,2,3,1
165000,1,2,1
166000,1,3,1
167000,3,4,1
168000,2,4,1
169000,1,4,1
170000,2,4,1
171000,1,4,1
172000,3,4,1
173000,2,4,1
174000,2,3,1
175000,1,2,1
176000,1,2,1
177000,2,3,1
178000,2,4,0
179000,2,4,1
180000,1,3,1
181000,1,2,1
182000,1,2,1
183000,1,3,1
184000,2,4,1
185000,2,4,1
186000,1,3,1
187000,1,3,1
188000,1,3,1
189000,1,3,1
190000,3,4,1
191000,1,4,1
192000,2,3,1
193000,2,3,1
194000,1,3,1
195000,2,4,1
196000,2,3,1
197000,1,4,1
198000,1,4,1
199000,1,3,1
200000,1,3,1
201000,2,4,1
202000,1,3,1
203000,3,4,1
204000,2,4,1
205000,3,4,1
206000,1,4,1
207000,1,2,1
208000,1,3,1
209000,1,3,1
210000,2,3,1
211000,2,3,1
212000,1,2,1
213000,2,4,1
214000,1,4,1
215000,3,4,1
216000,1,2,1
217000,3,4,1
218000,2,4,1
219000,1,2,1
220000,1,3,1
221000,1,4,1
222000,1,4,1
223000,2,3,1
224000,3,4,1
225000,1,2,1
226000,1,2,1
227000,1,3,1
228000,1,3,1
229000,1,2,1
230000,1,2,1
231000,1,4,1
232000,2,4,1
233000,3,4,1
234000,1,3,1
235000,2,3,1
236000,3,4,1
237000,1,3,1
238000,2,3,1
239000,1,3,1
240000,3,4,1
241000,2,3,1
242000,1,3,1
243000,3,4,1
244000,3,4,1
245000,3,4,1
246000,3,4,1
247000,1,3,1
248000,1,4,0
249000,2,4,0
250000,1,4,1
251000,3,4,1
252000,1,3,1
253000,1,3,1
254000,1,3,1
255000,1,3,1
256000,3,4,1
257000,2,4,1
258000,2,3,1
259000,1,4,1
260000,3,4,1
261000,1,4,1
262000,1,2,1
263000,1,4,1
264000,2,4,1
265000,2,4,1
266000,1,2,1
267000,1,3,1
268000,1,3,1
269000,1,4,1
270000,1,3,1
271000,1,4,1
272000,2,4,1
273000,2,3,1
274000,1,2,1
275000,1,4,1
276000,1,3,1
277000,2,4,1
278000,1,3,1
279000,2,3,1
280000,1,4,1
281000,1,3,1
282000,1,4,1
283000,1,4,0
284000,3,4,1
285000,1,2,0
286000,2,4,1
287000,2,4,1
288000,3,4,1
289000,2,3,1
290000,1,2,1
291000,1,3,1
292000,1,2,1
293000,2,4,1
294000,3,4,1
295000,1,2,1
296000,1,4,1
297000,1,3,0
298000,1,2,1
299000,1,4,1
300000,2,4,1
301000,3,4,1
302000,2,4,1
303000,2,4,1
304000,2,3,1
305000,2,4,0
306000,2,4,1
307000,3,4,1
308000,3,4,1
309000,3,4,1
310000,3,4,1
311000,1,3,1
312000,2,3,1
313000,1,2,1
314000,1,4,1
315000,1,3,1
316000,1,2,1
317000,2,3,1
318000,2,3,1
319000,2,4,1
320000,3,4,1
321000,1,3,1
322000,2,3,1
323000,1,4,1
324000,3,4,1
325000,2,3,1
326000,1,4,1
327000,2,3,0
328000,2,3,1
329000,1,2,1
330000,1,3,1
331000,2,3,1
332000,2,3,1
333000,3,4,1
334000,1,4,1
335000,1,3,1
336000,1,4,1
337000,1,3,1
338000,2,3,1
339000,2,4,1
340000,1,3,1
341000,3,4,1
342000,2,3,1
343000,1,2,1
344000,1,4,1
345000,3,4,1
346000,1,3,1
347000,1,3,1
348000,2,4,0
349000,2,3,1
350000,1,3,1
351000,1,3,1
352000,3,4,1
353000,2,3,1
354000,1,2,1
355000,1,2,1
356000,1,3,1
357000,2,3,1
358000,3,4,1
359000,1,4,1
360000,1,2,1
361000,1,4,1
362000,1,4,1
363000,1,2,1
364000,3,4,1
365000,1,2,1
366000,2,3,1
367000,1,4,1
368000,1,2,1
369000,1,2,1
370000,1,4,1
371000,3,4,1
372000,2,3,1
373000,2,4,1
374000,2,3,1
375000,3,4,1
376000,1,3,1
377000,1,2,1
378000,2,4,1
379000,3,4,1
380000,1,4,1
381000,3,4,1
382000,1,4,1
383000,1,4,1
384000,2,4,1
385000,1,2,1
386000,2,3,1
387000,1,4,1
388000,1,2,1
389000,2,4,1
390000,3,4,1
391000,1,2,1
392000,3,4,1
393000,2,4,1
394000,2,3,1
395000,1,3,1
396000,2,3,1
397000,3,4,1
398000,1,3,1
399000,1,4,1
400000,2,3,1
401000,2,4,1
402000,1,2,1
403000,1,4,1
404000,2,4,1
405000,1,2,1
406000,1,2,1
407000,1,4,1
408000,2,4,1
409000,2,4,1
410000,2,4,1
411000,2,4,1
412000,3,4,1
413000,3,4,1
414000,1,2,1
415000,1,3,1
416000,1,4,1
417000,2,4,1
418000,1,2,1
419000,3,4,0
420000,1,2,1
421000,1,4,1
422000,3,4,1
423000,1,3,1
424000,1,4,1
425000,1,4,1
426000,1,4,1
427000,2,4,1
428000,1,3,1
429000,3,4,1
430000,1,4,1
431000,3,4,1
432000,2,3,1
433000,1,3,1
434000,1,2,1
435000,1,3,1
436000,2,4,1
437000,1,3,1
438000,2,3,1
439000,3,4,1
440000,2,3,1
441000,2,3,1
442000,1,3,1
443000,1,3,1
444000,1,2,1
445000,3,4,1
446000,2,4,1
447000,2,3,1
448000,2,4,1
449000,1,3,1
450000,2,4,1
451000,3,4,1
452000,1,3,1
453000,3,4,1
454000,3,4,1
455000,1,2,1
456000,1,3,1
457000,2,3,1
458000,3,4,1
459000,1,3,1
460000,2,3,1
461000,2,3,1
462000,1,4,1
463000,1,4,1
464000,1,4,1
465000,1,2,1
466000,3,4,1
467000,3,4,1
468000,2,3,1
469000,1,4,1
470000,2,3,1
471000,1,3,1
472000,2,3,1
473000,2,3,1
474000,3,4,1
475000,2,4,1
476000,3,4,1
477000,1,2,1
478000,1,4,1
479000,1,3,1
480000,2,4,1
481000,1,4,0
482000,1,4,1
483000,1,3,1
484000,1,4,1
485000,2,3,1
486000,2,3,1
487000,2,4,1
488000,1,2,1
489000,1,3,1
490000,2,4,1
491000,2,3,1
492000,1,2,1
493000,2,3,1
494000,1,4,1
495000,3,4,1
496000,2,4,1
497000,2,3,1
498000,3,4,0
499000,2,4,1
500000,1,3,1
501000,1,4,1
502000,3,4,1
503000,1,2,1
504000,1,3,1
505000,1,3,1
506000,2,3,1
507000,2,4,1
508000,2,3,1
509000,1,3,1
510000,1,4,1
511000,2,4,0
512000,1,4,1
513000,1,4,1
514000,2,3,1
515000,2,3,1
516000,1,2,1
517000,2,4,1
518000,3,4,1
519000,2,3,1
520000,3,4,1
521000,1,3,1
522000,1,2,1
523000,3,4,1
524000,2,4,1
525000,2,4,1
526000,1,2,1
527000,2,3,1
528000,1,2,1
529000,1,4,1
530000,2,4,0
531000,1,2,1
532000,1,3,1
533000,3,4,1
534000,1,2,1
535000,1,3,0
536000,3,4,1
537000,3,4,1
538000,2,4,1
539000,1,3,1
540000,1,3,1
541000,2,3,1
542000,2,3,1
543000,1,2,1
544000,2,3,1
545000,1,3,1
546000,1,3,1
547000,1,4,1
548000,2,4,1
549000,1,4,1
550000,2,3,1
551000,3,4,1
552000,1,3,1
553000,2,4,1
554000,2,4,1
555000,2,4,1
556000,3,4,1
557000,1,3,1
558000,2,3,1
559000,1,4,1
560000,3,4,1
561000,1,2,1
562000,1,3,1
563000,1,4,1
564000,1,2,1
565000,2,3,1
566000,2,3,1
567000,3,4,1
568000,1,2,1
569000,2,4,1
570000,1,4,1
571000,3,4,1
572000,3,4,1
573000,1,3,1
574000,2,3,1
575000,1,3,1
576000,1,3,1
577000,1,3,1
578000,2,4,1
579000,2,3,1
580000,1,3,1
581000,2,3,1
582000,2,3,1
583000,3,4,1
584000,1,2,1
585000,2,3,1
586000,3,4,1
587000,2,4,1
588000,3,4,1
589000,2,3,1
590000,1,3,1
591000,2,3,1
592000,1,3,1
593000,1,3,1
594000,3,4,1
595000,3,4,1
596000,1,4,1
597000,1,4,1
598000,1,2,1
599000,1,2,1
600000,2,4,1
601000,3,4,1
602000,1,4,1
603000,1,3,1
604000,3,4,1
605000,2,3,0
606000,1,4,1
607000,1,3,1
608000,1,4,1
609000,1,3,1
610000,2,3,1
611000,1,4,1
612000,1,4,1
613000,1,2,1
614000,2,3,1
615000,3,4,1
616000,2,4,1
617000,1,2,1
618000,1,4,1
619000,2,4,1
620000,3,4,1
621000,1,4,1
622000,1,2,1
623000,1,2,1
624000,3,4,1
625000,2,3,1
626000,1,2,1
627000,1,4,1
628000,1,4,1
629000,1,2,1
630000,1,4,1
631000,3,4,1
632000,1,3,1
633000,3,4,1
634000,3,4,1
635000,2,3,1
636000,1,4,1
637000,2,4,1
638000,2,3,1
639000,2,3,1
640000,1,4,1
641000,1,2,1
642000,2,4,1
643000,2,4,1
644000,1,2,1
645000,1,3,1
646000,2,3,0
647000,2,3,1
648000,1,4,1
649000,1,3,1
650000,1,3,1
651000,1,4,1
652000,2,3,1
653000,2,4,1
654000,1,2,1
655000,1,2,1
656000,1,3,1
657000,1,2,1
658000,2,3,1
659000,2,4,1
660000,3,4,1
661000,1,2,1
662000,2,3,1
663000,2,4,1
664000,3,4,1
665000,1,2,1
666000,2,4,1
667000,1,4,1
668000,1,3,1
669000,2,4,1
670000,1,2,1
671000,3,4,1
672000,1,4,1
673000,1,3,1
674000,2,3,1
675000,1,2,1
676000,1,3,1
677000,1,3,1
678000,2,4,1
679000,2,4,1
680000,1,2,1
681000,2,4,1
682000,2,4,1
683000,2,3,1
684000,3,4,1
685000,1,2,1
686000,2,3,1
687000,2,4,1
688000,2,4,1
689000,1,2,1
690000,1,3,1
691000,1,3,1
692000,2,4,1
693000,3,4,1
694000,1,2,1
695000,2,3,1
696000,1,2,1
697000,1,3,1
698000,2,3,1
699000,1,4,1
700000,2,4,1
701000,1,3,1
702000,1,4,1
703000,1,3,1
704000,2,3,1
705000,1,2,1
706000,3,4,1
707000,2,3,1
708000,2,3,1
709000,2,3,1
710000,1,2,1
711000,1,3,1
712000,2,4,1
713000,2,4,1
714000,1,4,1
715000,2,3,1
716000,2,4,1
717000,3,4,1
718000,1,4,1
719000,2,3,1
720000,2,4,1
721000,1,4,1
722000,1,2,1
723000,2,3,1
724000,1,4,1
725000,1,4,1
726000,3,4,1
727000,3,4,1
728000,1,2,0
729000,3,4,1
730000,2,3,1
731000,2,3,1
732000,2,3,1
733000,1,4,1
734000,2,4,1
735000,3,4,1
736000,1,4,1
737000,1,4,1
738000,1,3,1
739000,2,4,1
740000,1,3,1
741000,1,4,1
742000,1,3,1
743000,2,3,1
744000,2,4,1
745000,1,3,0
746000,2,4,1
747000,1,3,1
748000,2,3,1
749000,1,4,1
750000,1,4,1
751000,1,2,1
752000,1,2,1
753000,3,4,1
754000,2,3,1
755000,1,3,1
756000,1,2,1
757000,2,4,1
758000,3,4,1
759000,3,4,1
760000,1,4,1
761000,1,3,1
762000,1,3,1
763000,2,4,1
764000,1,3,1
765000,1,4,1
766000,2,4,1
767000,2,4,1
768000,1,4,1
769000,2,3,1
770000,2,3,1
771000,1,4,1
772000,1,2,1
773000,1,4,1
774000,1,4,1
775000,2,3,1
776000,1,2,1
777000,2,3,1
778000,3,4,1
779000,3,4,1
780000,2,3,1
781000,3,4,1
782000,1,4,1
783000,2,4,1
784000,2,4,1
785000,1,3,1
786000,2,4,1
787000,3,4,1
788000,1,3,1
789000,1,2,1
790000,3,4,1
791000,1,4,1
792000,2,3,1
793000,1,2,1
794000,3,4,1
795000,1,4,1
796000,1,4,1
797000,1,4,1
798000,3,4,1
799000,1,2,1
800000,3,4,1
801000,1,2,1
802000,1,2,1
803000,1,4,1
804000,1,2,1
805000,1,2,1
806000,2,4,1
807000,2,4,1
808000,2,3,1
809000,1,2,1
810000,2,3,1
811000,1,4,1
812000,1,2,1
813000,2,3,1
814000,3,4,1
815000,2,4,1
816000,2,3,1
817000,1,4,1
818000,1,2,1
819000,1,3,1
820000,1,3,1
821000,2,3,1
822000,2,3,1
823000,1,2,1
824000,1,2,1
825000,2,3,1
826000,2,3,1
827000,3,4,1
828000,2,3,1
829000,2,3,1
830000,1,3,1
831000,3,4,1
832000,1,2,1
833000,1,3,1
834000,3,4,1
835000,2,4,1
836000,3,4,1
837000,2,3,1
838000,2,3,1
839000,1,3,1
840000,1,4,1
841000,2,4,0
842000,2,4,1
843000,1,3,1
844000,2,3,1
845000,1,4,1
846000,2,4,1
847000,2,4,1
848000,1,3,1
849000,2,3,1
850000,2,3,1
851000,2,3,1
852000,1,4,1
853000,2,4,1
854000,1,3,1
855000,3,4,1
856000,3,4,1
857000,1,4,1
858000,1,2,1
859000,3,4,1
860000,1,4,1
861000,1,3,1
862000,1,3,1
863000,3,4,1
864000,1,3,1
865000,3,4,1
866000,1,2,1
867000,3,4,1
868000,1,4,1
869000,2,4,1
870000,2,3,1
871000,1,3,1
872000,2,4,1
873000,2,3,1
874000,3,4,1
875000,1,3,1
876000,2,3,1
877000,3,4,1
878000,2,3,1
879000,2,4,1
880000,1,3,1
881000,3,4,1
882000,1,4,1
883000,1,3,1
884000,1,2,1
885000,1,2,1
886000,1,2,1
887000,2,3,1
888000,2,3,1
889000,1,2,1
890000,1,4,1
891000,2,4,1
892000,2,3,1
893000,3,4,1
894000,1,4,1
895000,1,4,1
896000,2,4,1
897000,2,3,1
898000,1,2,1
899000,2,4,1
900000,3,4,1
901000,1,4,1
902000,1,4,1
903000,3,4,1
904000,1,4,1
905000,2,4,0
906000,3,4,1
907000,3,4,1
908000,3,4,1
909000,1,3,1
910000,2,3,1
911000,1,3,1
912000,3,4,1
913000,2,3,1
914000,3,4,1
915000,1,2,1
916000,1,4,1
917000,2,3,1
918000,1,4,1
919000,2,4,1
920000,1,4,0
921000,2,3,1
922000,1,2,1
923000,1,4,0
924000,1,3,1
925000,1,4,0
926000,1,2,1
927000,1,2,1
928000,3,4,1
929000,2,4,1
930000,1,3,1
931000,2,4,1
932000,2,4,1
933000,2,4,1
934000,1,2,1
935000,1,4,1
936000,1,2,1
937000,1,3,1
938000,2,3,0
939000,1,3,1
940000,1,2,1
941000,1,4,0
942000,1,3,1
943000,1,4,0
944000,1,2,1
945000,1,2,1
946000,3,4,1
947000,1,4,1
948000,2,3,1
949000,3,4,1
950000,2,3,1
951000,2,4,1
952000,2,4,1
953000,1,2,1
954000,1,3,1
955000,2,4,1
956000,1,2,1
957000,1,4,1
958000,3,4,1
959000,2,3,1
960000,1,4,1
961000,1,2,1
962000,3,4,1
963000,3,4,1
964000,3,4,1
965000,1,4,1
966000,2,3,1
967000,1,4,1
968000,2,3,1
969000,3,4,1
970000,2,3,1
971000,1,2,1
972000,1,2,1
973000,2,4,1
974000,1,4,1
975000,2,4,1
976000,2,3,1
977000,3,4,1
978000,2,3,1
979000,3,4,1
980000,1,4,1
981000,1,4,1
982000,3,4,1
983000,2,4,1
984000,3,4,1
985000,1,4,1
986000,2,3,1
987000,1,2,1
988000,2,3,1
989000,3,4,1
990000,2,4,1
991000,2,3,1
992000,1,3,1
993000,1,3,1
994000,1,3,1
995000,3,4,0
996000,3,4,1
997000,2,3,1
998000,1,3,1
999000,2,3,1
1000000,1,2,1
